start_index,step,metric_value
0,0,0.166666641831398
0,1,0.3684210181236267
0,2,0.5199999809265137
0,3,0.4838709235191345
0,4,0.4000000059604645
0,5,0.3571428656578064
0,6,0.3333333432674408
0,7,0.3513513505458832
0,8,0.3488371968269348
0,9,0.3263157904148102
1,0,0.3333333134651184
1,1,0.6521738767623901
1,2,0.46666663885116577
1,3,0.42105263471603394
1,4,0.3921568691730499
1,5,0.34328359365463257
1,6,0.3333333432674408
1,7,0.3448275923728943
1,8,0.3195876181125641
1,9,0.3047619163990021
2,0,0.6521738767623901
2,1,0.35483869910240173
2,2,0.38461539149284363
2,3,0.3571428656578064
2,4,0.3333333432674408
2,5,0.31707316637039185
2,6,0.33707866072654724
2,7,0.30693069100379944
2,8,0.28070175647735596
2,9,0.2661290466785431
3,0,0.42307689785957336
3,1,0.555555522441864
3,2,0.5714285969734192
3,3,0.4693877696990967
3,4,0.4000000059604645
3,5,0.41333332657814026
3,6,0.38372093439102173
3,7,0.3298968970775604
3,8,0.3113207519054413
3,9,0.3396226465702057
4,0,0.2083333134651184
4,1,0.28125
4,2,0.5135135054588318
4,3,0.5531914830207825
4,4,0.5254237055778503
4,5,0.4864864945411682
4,6,0.41860464215278625
4,7,0.3700000047683716
4,8,0.38235294818878174
4,9,0.3644859790802002
5,0,0.16129031777381897
5,1,0.3611111044883728
5,2,0.523809552192688
5,3,0.5370370149612427
5,4,0.5147058963775635
5,5,0.4390243887901306
5,6,0.40425533056259155
5,7,0.39393940567970276
5,8,0.38235294818878174
5,9,0.4433962404727936
6,0,0.25
6,1,0.4146341383457184
6,2,0.5
6,3,0.5079365372657776
6,4,0.44871795177459717
6,5,0.3913043439388275
6,6,0.40625
6,7,0.39393940567970276
6,8,0.4455445408821106
6,9,0.4313725531101227
7,0,0.3684210479259491
7,1,0.5581395626068115
7,2,0.5087719559669495
7,3,0.4861111044883728
7,4,0.4367816150188446
7,5,0.4285714328289032
7,6,0.43157893419265747
7,7,0.4845360815525055
7,8,0.4752475321292877
7,9,0.5050504803657532
8,0,0.5641025900840759
8,1,0.5306122303009033
8,2,0.5517241358757019
8,3,0.5428571701049805
8,4,0.5454545617103577
8,5,0.5116279125213623
8,6,0.5222222208976746
8,7,0.542553186416626
8,8,0.521276593208313
8,9,0.5833333134651184
9,0,0.4893617033958435
9,1,0.5614035129547119
9,2,0.5428571701049805
9,3,0.5394737124443054
9,4,0.48275861144065857
9,5,0.5222222208976746
9,6,0.4842105209827423
9,7,0.5051546096801758
9,8,0.5729166865348816
9,9,0.602150559425354
10,0,0.6000000238418579
10,1,0.609375
10,2,0.5972222089767456
10,3,0.6103895902633667
10,4,0.5833333134651184
10,5,0.521276593208313
10,6,0.53125
10,7,0.5714285969734192
10,8,0.6315789222717285
10,9,0.65625
11,0,0.6666666865348816
11,1,0.6515151262283325
11,2,0.6486486196517944
11,3,0.6973684430122375
11,4,0.6265060305595398
11,5,0.593406617641449
11,6,0.6105263233184814
11,7,0.6595744490623474
11,8,0.6979166865348816
11,9,0.7419354915618896
12,0,0.7599999904632568
12,1,0.7457627058029175
12,2,0.7424242496490479
12,3,0.7971014380455017
12,4,0.8450704216957092
12,5,0.8311688303947449
12,6,0.8500000238418579
12,7,0.7882353067398071
12,8,0.7882353067398071
12,9,0.7415730357170105
13,0,0.8166666626930237
13,1,0.7777777910232544
13,2,0.7283950448036194
13,3,0.75
13,4,0.7333333492279053
13,5,0.7142857313156128
13,6,0.739130437374115
13,7,0.717391312122345
13,8,0.6947368383407593
13,9,0.6774193644523621
14,0,0.8636363744735718
14,1,0.7922077775001526
14,2,0.7441860437393188
14,3,0.7419354915618896
14,4,0.7234042286872864
14,5,0.7368420958518982
14,6,0.6875
14,7,0.6804123520851135
14,8,0.6421052813529968
14,9,0.5869565010070801
15,0,0.8493150472640991
15,1,0.807692289352417
15,2,0.7954545617103577
15,3,0.7311828136444092
15,4,0.7473683953285217
15,5,0.6907216310501099
15,6,0.6875
15,7,0.6526315808296204
15,8,0.5978260636329651
15,9,0.532608687877655
16,0,0.807692289352417
16,1,0.7640449404716492
16,2,0.7234042286872864
16,3,0.7070707082748413
16,4,0.6969696879386902
16,5,0.6767676472663879
16,6,0.6363636255264282
16,7,0.5773195624351501
16,8,0.521276593208313
16,9,0.46236559748649597
17,0,0.8271604776382446
17,1,0.7555555701255798
17,2,0.7422680258750916
17,3,0.6938775777816772
17,4,0.7142857313156128
17,5,0.6597937941551208
17,6,0.6170212626457214
17,7,0.5698924660682678
17,8,0.521276593208313
17,9,0.5
18,0,0.7777777910232544
18,1,0.7319587469100952
18,2,0.7070707082748413
18,3,0.699999988079071
18,4,0.6734693646430969
18,5,0.6421052813529968
18,6,0.5894736647605896
18,7,0.5263158082962036
18,8,0.5106382966041565
18,9,0.4842105209827423
19,0,0.7659574747085571
19,1,0.6764705777168274
19,2,0.699999988079071
19,3,0.7010309100151062
19,4,0.6458333134651184
19,5,0.5894736647605896
19,6,0.5473684072494507
19,7,0.5263158082962036
19,8,0.5
19,9,0.46315789222717285
20,0,0.7395833134651184
20,1,0.6796116232872009
20,2,0.6899999976158142
20,3,0.6100000143051147
20,4,0.5714285969734192
20,5,0.5531914830207825
20,6,0.5263158082962036
20,7,0.5052631497383118
20,8,0.42574256658554077
20,9,0.4270833432674408
21,0,0.7553191781044006
21,1,0.6969696879386902
21,2,0.5865384340286255
21,3,0.5600000023841858
21,4,0.5416666865348816
21,5,0.5
21,6,0.47999998927116394
21,7,0.420560747385025
21,8,0.41584157943725586
21,9,0.3883495032787323
22,0,0.7727272510528564
22,1,0.6262626051902771
22,2,0.5588235259056091
22,3,0.5047619342803955
22,4,0.5
22,5,0.4615384638309479
22,6,0.4166666567325592
22,7,0.40776699781417847
22,8,0.38461539149284363
22,9,0.42424243688583374
23,0,0.738095223903656
23,1,0.6000000238418579
23,2,0.5463917255401611
23,3,0.5049505233764648
23,4,0.4615384638309479
23,5,0.4285714328289032
23,6,0.4038461446762085
23,7,0.3669724762439728
23,8,0.38532111048698425
23,9,0.3303571343421936
24,0,0.75
24,1,0.6235294342041016
24,2,0.5795454382896423
24,3,0.5111111402511597
24,4,0.46875
24,5,0.4329896867275238
24,6,0.40816327929496765
24,7,0.4329896867275238
24,8,0.3877550959587097
24,9,0.41237112879753113
25,0,0.7361111044883728
25,1,0.5903614163398743
25,2,0.5679012537002563
25,3,0.517241358757019
25,4,0.4615384638309479
25,5,0.4301075339317322
25,6,0.46739131212234497
25,7,0.42222222685813904
25,8,0.46590909361839294
25,9,0.46341463923454285
26,0,0.7246376872062683
26,1,0.6184210777282715
26,2,0.529411792755127
26,3,0.4941176474094391
26,4,0.4444444477558136
26,5,0.47727271914482117
26,6,0.4318181872367859
26,7,0.4761904776096344
26,8,0.46341463923454285
26,9,0.4743589758872986
27,0,0.7704917788505554
27,1,0.5679012537002563
27,2,0.5243902206420898
27,3,0.4651162922382355
27,4,0.483146071434021
27,5,0.4367816150188446
27,6,0.4819277226924896
27,7,0.4675324559211731
27,8,0.49295774102211
27,9,0.4430379867553711
28,0,0.6428571343421936
28,1,0.5972222089767456
28,2,0.5063291192054749
28,3,0.5375000238418579
28,4,0.4691357910633087
28,5,0.4819277226924896
28,6,0.4749999940395355
28,7,0.48051947355270386
28,8,0.4431818127632141
28,9,0.410526305437088
29,0,0.7931034564971924
29,1,0.641791045665741
29,2,0.7058823704719543
29,3,0.6000000238418579
29,4,0.6438356041908264
29,5,0.5890411138534546
29,6,0.5675675868988037
29,7,0.5365853905677795
29,8,0.4270833432674408
29,9,0.37383177876472473
30,0,0.8035714030265808
30,1,0.800000011920929
30,2,0.6461538672447205
30,3,0.71875
30,4,0.6056337952613831
30,5,0.5675675868988037
30,6,0.5421686768531799
30,7,0.41489362716674805
30,8,0.375
30,9,0.36538460850715637
31,0,0.9245283007621765
31,1,0.7288135886192322
31,2,0.7377049326896667
31,3,0.6515151262283325
31,4,0.6000000238418579
31,5,0.5696202516555786
31,6,0.41304346919059753
31,7,0.3711340129375458
31,8,0.3469387888908386
31,9,0.41304346919059753
32,0,0.8301886916160583
32,1,0.8035714030265808
32,2,0.699999988079071
32,3,0.6060606241226196
32,4,0.6301369667053223
32,5,0.4597701132297516
32,6,0.4065934121608734
32,7,0.37634408473968506
32,8,0.42696627974510193
32,9,0.4523809552192688
33,0,0.7962962985038757
33,1,0.7068965435028076
33,2,0.609375
33,3,0.6521739363670349
33,4,0.4691357910633087
33,5,0.4318181872367859
33,6,0.3777777850627899
33,7,0.42696627974510193
33,8,0.4523809552192688
33,9,0.5487805008888245
34,0,0.7924528121948242
34,1,0.6499999761581421
34,2,0.6769230961799622
34,3,0.4871794879436493
34,4,0.43529412150382996
34,5,0.39772728085517883
34,6,0.42352941632270813
34,7,0.4523809552192688
34,8,0.550000011920929
34,9,0.6315789222717285
35,0,0.75
35,1,0.65625
35,2,0.46666666865348816
35,3,0.42168673872947693
35,4,0.40243902802467346
35,5,0.4457831382751465
35,6,0.4337349534034729
35,7,0.5375000238418579
35,8,0.6399999856948853
35,9,0.4712643623352051
36,0,0.5806451439857483
36,1,0.3076923191547394
36,2,0.3132530152797699
36,3,0.3333333432674408
36,4,0.3764705955982208
36,5,0.40963855385780334
36,6,0.5375000238418579
36,7,0.6399999856948853
36,8,0.4712643623352051
36,9,0.4526315927505493
37,0,0.515625
37,1,0.5223880410194397
37,2,0.5
37,3,0.5135135054588318
37,4,0.5333333611488342
37,5,0.6315789222717285
37,6,0.6666666865348816
37,7,0.450549453496933
37,8,0.4526315927505493
37,9,0.5222222208976746
38,0,0.7962962985038757
38,1,0.7540983557701111
38,2,0.71875
38,3,0.6268656849861145
38,4,0.6438356041908264
38,5,0.6666666865348816
38,6,0.43478259444236755
38,7,0.46315789222717285
38,8,0.5494505763053894
38,9,0.6404494643211365
39,0,0.8035714030265808
39,1,0.7777777910232544
39,2,0.7230769395828247
39,3,0.699999988079071
39,4,0.6944444179534912
39,5,0.46590909361839294
39,6,0.46236559748649597
39,7,0.5222222208976746
39,8,0.6136363744735718
39,9,0.6704545617103577
40,0,0.8620689511299133
40,1,0.75
40,2,0.7681159377098083
40,3,0.7142857313156128
40,4,0.47727271914482117
40,5,0.46236559748649597
40,6,0.5333333611488342
40,7,0.6022727489471436
40,8,0.6590909361839294
40,9,0.5416666865348816
41,0,0.7868852615356445
41,1,0.7910447716712952
41,2,0.75
41,3,0.4941176474094391
41,4,0.5
41,5,0.5274725556373596
41,6,0.6022727489471436
41,7,0.6704545617103577
41,8,0.5416666865348816
41,9,0.523809552192688
42,0,0.8253968358039856
42,1,0.779411792755127
42,2,0.5357142686843872
42,3,0.49450549483299255
42,4,0.5384615659713745
42,5,0.6022727489471436
42,6,0.6590909361839294
42,7,0.5416666865348816
42,8,0.523809552192688
42,9,0.553398072719574
43,0,0.8064516186714172
43,1,0.5844155550003052
43,2,0.5609756112098694
43,3,0.5833333134651184
43,4,0.6022727489471436
43,5,0.6818181872367859
43,6,0.5416666865348816
43,7,0.5339806079864502
43,8,0.5436893105506897
43,9,0.6499999761581421
44,0,0.6164383292198181
44,1,0.5555555820465088
44,2,0.5476190447807312
44,3,0.6206896305084229
44,4,0.6896551847457886
44,5,0.5473684072494507
44,6,0.5339806079864502
44,7,0.5436893105506897
44,8,0.6499999761581421
44,9,0.6633663177490234
45,0,0.8358209133148193
45,1,0.7945205569267273
45,2,0.7560975551605225
45,3,0.7222222089767456
45,4,0.5
45,5,0.5377358198165894
45,6,0.5904762148857117
45,7,0.699999988079071
45,8,0.7227723002433777
45,9,0.7599999904632568
46,0,0.8405796885490417
46,1,0.8181818127632141
46,2,0.7790697813034058
46,3,0.5096153616905212
46,4,0.5188679099082947
46,5,0.5809524059295654
46,6,0.6800000071525574
46,7,0.7029703259468079
46,8,0.7599999904632568
46,9,0.7835051417350769
47,0,0.837837815284729
47,1,0.8271604776382446
47,2,0.5612244606018066
47,3,0.5420560836791992
47,4,0.5904762148857117
47,5,0.6666666865348816
47,6,0.6960784196853638
47,7,0.75
47,8,0.7938144207000732
47,9,0.7009345889091492
48,0,0.8500000238418579
48,1,0.6020408272743225
48,2,0.5961538553237915
48,3,0.6190476417541504
48,4,0.6796116232872009
48,5,0.7019230723381042
48,6,0.7475728392601013
48,7,0.7857142686843872
48,8,0.6396396160125732
48,9,0.6818181872367859
49,0,0.6145833134651184
49,1,0.6057692170143127
49,2,0.6226415038108826
49,3,0.7019230723381042
49,4,0.7211538553237915
49,5,0.7572815418243408
49,6,0.795918345451355
49,7,0.625
49,8,0.6818181872367859
49,9,0.6944444179534912
50,0,0.9102563858032227
50,1,0.8333333134651184
50,2,0.801980197429657
50,3,0.7745097875595093
50,4,0.800000011920929
50,5,0.8144329786300659
50,6,0.699999988079071
50,7,0.6936936974525452
50,8,0.6725663542747498
50,9,0.6851851940155029
51,0,0.8850574493408203
51,1,0.8556700944900513
51,2,0.8252426981925964
51,3,0.8333333134651184
51,4,0.8469387888908386
51,5,0.7181817889213562
51,6,0.752293586730957
51,7,0.7272727489471436
51,8,0.7264150977134705
51,9,0.6134454011917114
52,0,0.9111111164093018
52,1,0.8380952477455139
52,2,0.843137264251709
52,3,0.8787878751754761
52,4,0.7079645991325378
52,5,0.7454545497894287
52,6,0.7363636493682861
52,7,0.7452830076217651
52,8,0.6302521228790283
52,9,0.6302521228790283
53,0,0.8316831588745117
53,1,0.8737863898277283
53,2,0.8888888955116272
53,3,0.7168141603469849
53,4,0.7747747898101807
53,5,0.7818182110786438
53,6,0.7924528121948242
53,7,0.6525423526763916
53,8,0.6355932354927063
53,9,0.5932203531265259
54,0,0.8725489974021912
54,1,0.8999999761581421
54,2,0.7456140518188477
54,3,0.7678571343421936
54,4,0.7909091114997864
54,5,0.7850467562675476
54,6,0.6470588445663452
54,7,0.6147540807723999
54,8,0.5982906222343445
54,9,0.5877193212509155
55,0,0.8600000143051147
55,1,0.7118644118309021
55,2,0.7288135886192322
55,3,0.730434775352478
55,4,0.7592592835426331
55,5,0.6198347210884094
55,6,0.6115702390670776
55,7,0.5932203531265259
55,8,0.5789473652839661
55,9,0.5126050710678101
56,0,0.6386554837226868
56,1,0.6722689270973206
56,2,0.6896551847457886
56,3,0.6909090876579285
56,4,0.5950413346290588
56,5,0.5966386795043945
56,6,0.5762711763381958
56,7,0.573913037776947
56,8,0.508474588394165
56,9,0.44262295961380005
57,0,0.9399999976158142
57,1,0.932692289352417
57,2,0.9019607901573181
57,3,0.7818182110786438
57,4,0.7809523940086365
57,5,0.7647058963775635
57,6,0.7755101919174194
57,7,0.6633663177490234
57,8,0.6176470518112183
57,9,0.5784313678741455
58,0,0.932692289352417
58,1,0.9038461446762085
58,2,0.7747747898101807
58,3,0.7830188870429993
58,4,0.7843137383460999
58,5,0.8061224222183228
58,6,0.6831682920455933
58,7,0.6435643434524536
58,8,0.6262626051902771
58,9,0.6020408272743225
59,0,0.9126213788986206
59,1,0.75
59,2,0.7545454502105713
59,3,0.7523809671401978
59,4,0.7979797720909119
59,5,0.699999988079071
59,6,0.6666666865348816
59,7,0.6363636255264282
59,8,0.6020408272743225
59,9,0.5978260636329651
60,0,0.719298243522644
60,1,0.7168141603469849
60,2,0.7090908885002136
60,3,0.7572815418243408
60,4,0.6380952596664429
60,5,0.6237623691558838
60,6,0.6161616444587708
60,7,0.5979381203651428
60,8,0.5978260636329651
60,9,0.54347825050354
61,0,0.9100000262260437
61,1,0.8627451062202454
61,2,0.8269230723381042
61,3,0.723809540271759
61,4,0.6857143044471741
61,5,0.650943398475647
61,6,0.6168224215507507
61,7,0.5566037893295288
61,8,0.5428571701049805
61,9,0.48148149251937866
62,0,0.8799999952316284
62,1,0.843137264251709
62,2,0.737864077091217
62,3,0.6603773832321167
62,4,0.6476190686225891
62,5,0.6132075190544128
62,6,0.5728155374526978
62,7,0.553398072719574
62,8,0.4952380955219269
62,9,0.41904762387275696
63,0,0.8775510191917419
63,1,0.737864077091217
63,2,0.6666666865348816
63,3,0.6538461446762085
63,4,0.6000000238418579
63,5,0.5841584205627441
63,6,0.5699999928474426
63,7,0.5
63,8,0.42307692766189575
63,9,0.38461539149284363
64,0,0.7373737096786499
64,1,0.6730769276618958
64,2,0.6504854559898376
64,3,0.6078431606292725
64,4,0.5899999737739563
64,5,0.5699999928474426
64,6,0.5098039507865906
64,7,0.4313725531101227
64,8,0.38461539149284363
64,9,0.30630630254745483
65,0,0.8426966071128845
65,1,0.791208803653717
65,2,0.7582417726516724
65,3,0.6630434989929199
65,4,0.644444465637207
65,5,0.5824176073074341
65,6,0.49438202381134033
65,7,0.4545454680919647
65,8,0.3695652186870575
65,9,0.41111111640930176
66,0,0.8795180916786194
66,1,0.8045976758003235
66,2,0.7045454382896423
66,3,0.6666666865348816
66,4,0.6235294342041016
66,5,0.5365853905677795
66,6,0.4819277226924896
66,7,0.39534884691238403
66,8,0.41111111640930176
66,9,0.3595505654811859
67,0,0.875
67,1,0.7126436829566956
67,2,0.6781609058380127
67,3,0.5888888835906982
67,4,0.5365853905677795
67,5,0.4878048896789551
67,6,0.4000000059604645
67,7,0.4404761791229248
67,8,0.364705890417099
67,9,0.3529411852359772
68,0,0.8266666531562805
68,1,0.6860465407371521
68,2,0.625
68,3,0.5487805008888245
68,4,0.4819277226924896
68,5,0.39534884691238403
68,6,0.4523809552192688
68,7,0.364705890417099
68,8,0.3614457845687866
68,9,0.3132530152797699
69,0,0.8507462739944458
69,1,0.6883116960525513
69,2,0.5844155550003052
69,3,0.5061728358268738
69,4,0.40697672963142395
69,5,0.4642857015132904
69,6,0.38372093439102173
69,7,0.3452380895614624
69,8,0.27586206793785095
69,9,0.1807228922843933
70,0,0.761904776096344
70,1,0.6376811861991882
70,2,0.54666668176651
70,3,0.4430379867553711
70,4,0.5189873576164246
70,5,0.4545454680919647
70,6,0.39024388790130615
70,7,0.3255814015865326
70,8,0.20930232107639313
70,9,0.11363636702299118
71,0,0.7678571343421936
71,1,0.7407407164573669
71,2,0.5
71,3,0.5857142806053162
71,4,0.4861111044883728
71,5,0.4399999976158142
71,6,0.38461539149284363
71,7,0.28205129504203796
71,8,0.18987341225147247
71,9,0.21686747670173645
72,0,0.7599999904632568
72,1,0.6538461446762085
72,2,0.5970149040222168
72,3,0.5303030014038086
72,4,0.47826087474823
72,5,0.43478259444236755
72,6,0.30000001192092896
72,7,0.15789473056793213
72,8,0.1756756752729416
72,9,0.2638888955116272
73,0,0.6938775777816772
73,1,0.560606062412262
73,2,0.5230769515037537
73,3,0.44285714626312256
73,4,0.3913043439388275
73,5,0.28358209133148193
73,6,0.13698630034923553
73,7,0.21621622145175934
73,8,0.29113924503326416
73,9,0.44999998807907104
74,0,0.7755101919174194
74,1,0.804347813129425
74,2,0.5925925970077515
74,3,0.5283018946647644
74,4,0.4313725531101227
74,5,0.31578946113586426
74,6,0.37931033968925476
74,7,0.453125
74,8,0.5405405163764954
74,9,0.4642857015132904
75,0,0.6875
75,1,0.5593220591545105
75,2,0.46875
75,3,0.28169015049934387
75,4,0.1547619104385376
75,5,0.14130434393882751
75,6,0.19565217196941376
75,7,0.35483869910240173
75,8,0.40909090638160706
75,9,0.4000000059604645
76,0,0.6521739363670349
76,1,0.5740740895271301
76,2,0.37704917788505554
76,3,0.28358209133148193
76,4,0.25641027092933655
76,5,0.260869562625885
76,6,0.3655914068222046
76,7,0.3888888955116272
76,8,0.3870967626571655
76,9,0.4395604431629181
77,0,0.5833333134651184
77,1,0.3928571343421936
77,2,0.3125
77,3,0.3692307770252228
77,4,0.39743590354919434
77,5,0.45348837971687317
77,6,0.4285714328289032
77,7,0.3870967626571655
77,8,0.42553192377090454
77,9,0.44680851697921753
78,0,0.3958333432674408
78,1,0.145454540848732
78,2,0.2857142984867096
78,3,0.48275861144065857
78,4,0.7166666388511658
78,5,0.641791045665741
78,6,0.5454545617103577
78,7,0.47252747416496277
78,8,0.43617022037506104
78,9,0.45652174949645996
79,0,0.21153846383094788
79,1,0.31481480598449707
79,2,0.4912280738353729
79,3,0.7719298005104065
79,4,0.7377049326896667
79,5,0.6716417670249939
79,6,0.6282051205635071
79,7,0.52173912525177
79,8,0.5
79,9,0.3272727131843567
80,0,0.4399999976158142
80,1,0.4285714328289032
80,2,0.6666666865348816
80,3,0.6140350699424744
80,4,0.5932203531265259
80,5,0.6557376980781555
80,6,0.6666666865348816
80,7,0.7419354915618896
80,8,0.550000011920929
80,9,0.4941176474094391
81,0,0.5925925970077515
81,1,0.7377049326896667
81,2,0.6617646813392639
81,3,0.5316455960273743
81,4,0.46739131212234497
81,5,0.43617022037506104
81,6,0.44565218687057495
81,7,0.3333333432674408
81,8,0.2982456088066101
81,9,0.230158731341362
82,0,0.75
82,1,0.6875
82,2,0.6338028311729431
82,3,0.6410256624221802
82,4,0.5517241358757019
82,5,0.516853928565979
82,6,0.37037035822868347
82,7,0.3070175349712372
82,8,0.230158731341362
82,9,0.21374045312404633
83,0,0.725806474685669
83,1,0.5789473652839661
83,2,0.5975610017776489
83,3,0.5376344323158264
83,4,0.5384615659713745
83,5,0.4112149477005005
83,6,0.38053098320961
83,7,0.31200000643730164
83,8,0.30000001192092896
83,9,0.24637681245803833
84,0,0.7460317611694336
84,1,0.6756756901741028
84,2,0.625
84,3,0.5681818127632141
84,4,0.39814814925193787
84,5,0.34210526943206787
84,6,0.2539682686328888
84,7,0.22900763154029846
84,8,0.21739129722118378
84,9,0.2152777761220932
85,0,0.8387096524238586
85,1,0.6399999856948853
85,2,0.6455696225166321
85,3,0.4791666567325592
85,4,0.3684210479259491
85,5,0.25984251499176025
85,6,0.22900763154029846
85,7,0.20143884420394897
85,8,0.2152777761220932
85,9,0.21678321063518524
86,0,0.6666666865348816
86,1,0.6410256624221802
86,2,0.4838709533214569
86,3,0.3980582654476166
86,4,0.2698412835597992
86,5,0.2230769246816635
86,6,0.2028985470533371
86,7,0.2042253464460373
86,8,0.2237762212753296
86,9,0.21985815465450287
87,0,0.698630154132843
87,1,0.483146071434021
87,2,0.42268040776252747
87,3,0.27419355511665344
87,4,0.21969696879386902
87,5,0.20437955856323242
87,6,0.21276596188545227
87,7,0.21678321063518524
87,8,0.21985815465450287
87,9,0.4173228442668915
88,0,0.5308641791343689
88,1,0.4615384638309479
88,2,0.3362831771373749
88,3,0.2651515007019043
88,4,0.21739129722118378
88,5,0.2097902148962021
88,6,0.21830986440181732
88,7,0.21985815465450287
88,8,0.4173228442668915
88,9,0.4365079402923584
89,0,0.7105262875556946
89,1,0.6413043737411499
89,2,0.6138613820075989
89,3,0.5727272629737854
89,4,0.5423728823661804
89,5,0.5254237055778503
89,6,0.530434787273407
89,7,0.6293103694915771
89,8,0.6239316463470459
89,9,0.634782612323761
90,0,0.761904776096344
90,1,0.7291666865348816
90,2,0.6272727251052856
90,3,0.5666666626930237
90,4,0.5322580933570862
90,5,0.5583333373069763
90,6,0.6333333253860474
90,7,0.6470588445663452
90,8,0.6694915294647217
90,9,0.7142857313156128
91,0,0.8172042965888977
91,1,0.6909090876579285
91,2,0.6638655662536621
91,3,0.5645161271095276
91,4,0.5737704634666443
91,5,0.6638655662536621
91,6,0.6610169410705566
91,7,0.6153846383094788
91,8,0.6206896305084229
91,9,0.5929203629493713
92,0,0.7884615659713745
92,1,0.75
92,2,0.6557376980781555
92,3,0.6363636255264282
92,4,0.7118644118309021
92,5,0.7118644118309021
92,6,0.7094017267227173
92,7,0.7094017267227173
92,8,0.6929824352264404
92,9,0.6814159154891968
93,0,0.8240740895271301
93,1,0.7226890921592712
93,2,0.6890756487846375
93,3,0.7438016533851624
93,4,0.756302535533905
93,5,0.7606837749481201
93,6,0.767241358757019
93,7,0.7876105904579163
93,8,0.8018018007278442
93,9,0.7747747898101807
94,0,0.8363636136054993
94,1,0.7678571343421936
94,2,0.7692307829856873
94,3,0.7881355881690979
94,4,0.767241358757019
94,5,0.7777777910232544
94,6,0.7964601516723633
94,7,0.837837815284729
94,8,0.8198198080062866
94,9,0.8055555820465088
95,0,0.84112149477005
95,1,0.7863247990608215
95,2,0.8275862336158752
95,3,0.7931034564971924
95,4,0.8173912763595581
95,5,0.800000011920929
95,6,0.8571428656578064
95,7,0.8571428656578064
95,8,0.8454545736312866
95,9,0.8440366983413696
96,0,0.7931034564971924
96,1,0.7983193397521973
96,2,0.8260869383811951
96,3,0.8205128312110901
96,4,0.8017241358757019
96,5,0.8260869383811951
96,6,0.8608695864677429
96,7,0.8260869383811951
96,8,0.8086956739425659
96,9,0.791304349899292
97,0,0.8672566413879395
97,1,0.8660714030265808
97,2,0.8684210777282715
97,3,0.8318583965301514
97,4,0.8288288116455078
97,5,0.8288288116455078
97,6,0.8317757248878479
97,7,0.8269230723381042
97,8,0.8415841460227966
97,9,0.7520661354064941
98,0,0.8928571343421936
98,1,0.9285714030265808
98,2,0.8771929740905762
98,3,0.8849557638168335
98,4,0.8584070801734924
98,5,0.8504672646522522
98,6,0.8301886916160583
98,7,0.8269230723381042
98,8,0.7622950673103333
98,9,0.7881355881690979
99,0,0.9203540086746216
99,1,0.8947368264198303
99,2,0.8947368264198303
99,3,0.8849557638168335
99,4,0.8715596199035645
99,5,0.8504672646522522
99,6,0.8653846383094788
99,7,0.7580645084381104
99,8,0.7704917788505554
99,9,0.7438016533851624
100,0,0.9115044474601746
100,1,0.9298245906829834
100,2,0.9292035102844238
100,3,0.8999999761581421
100,4,0.8691588640213013
100,5,0.8761904835700989
100,6,0.772357702255249
100,7,0.7899159789085388
100,8,0.7583333253860474
100,9,0.6991869807243347
101,0,0.9292035102844238
101,1,0.9642857313156128
101,2,0.9357798099517822
101,3,0.8888888955116272
101,4,0.8846153616905212
101,5,0.7967479825019836
101,6,0.805084764957428
101,7,0.800000011920929
101,8,0.7350427508354187
101,9,0.7017543911933899
102,0,0.9553571343421936
102,1,0.9449541568756104
102,2,0.8899082541465759
102,3,0.8952381014823914
102,4,0.7967479825019836
102,5,0.8220338821411133
102,6,0.7844827771186829
102,7,0.7586206793785095
102,8,0.7168141603469849
102,9,0.6206896305084229
103,0,0.9541284441947937
103,1,0.9082568883895874
103,2,0.8878504633903503
103,3,0.7903226017951965
103,4,0.8151260614395142
103,5,0.8017241358757019
103,6,0.7435897588729858
103,7,0.7017543911933899
103,8,0.6315789222717285
103,9,0.5438596606254578
104,0,0.9339622855186462
104,1,0.8971962332725525
104,2,0.8373983502388
104,3,0.8389830589294434
104,4,0.8318583965301514
104,5,0.7652173638343811
104,6,0.7272727489471436
104,7,0.6605504751205444
104,8,0.5688073635101318
104,9,0.47706422209739685
105,0,0.9514563083648682
105,1,0.8595041036605835
105,2,0.8644067645072937
105,3,0.859649121761322
105,4,0.8141592741012573
105,5,0.8190476298332214
105,6,0.7523809671401978
105,7,0.7211538553237915
105,8,0.6979166865348816
105,9,0.7047619223594666
106,0,0.8907563090324402
106,1,0.8717948794364929
106,2,0.8684210777282715
106,3,0.837837815284729
106,4,0.8557692170143127
106,5,0.7980769276618958
106,6,0.7878788113594055
106,7,0.75
106,8,0.6761904954910278
106,9,0.6818181872367859
107,0,0.9576271176338196
107,1,0.9137930870056152
107,2,0.8461538553237915
107,3,0.8053097128868103
107,4,0.7256637215614319
107,5,0.6126126050949097
107,6,0.561904788017273
107,7,0.5963302850723267
107,8,0.7450980544090271
107,9,0.7254902124404907
108,0,0.9561403393745422
108,1,0.9130434989929199
108,2,0.8738738894462585
108,3,0.84112149477005
108,4,0.7766990065574646
108,5,0.7216494679450989
108,6,0.6636363863945007
108,7,0.6785714030265808
108,8,0.6283186078071594
108,9,0.5765765905380249
109,0,0.9369369149208069
109,1,0.8660714030265808
109,2,0.8333333134651184
109,3,0.761904776096344
109,4,0.7142857313156128
109,5,0.6788991093635559
109,6,0.6785714030265808
109,7,0.6283186078071594
109,8,0.5714285969734192
109,9,0.5288461446762085
110,0,0.932692289352417
110,1,0.84112149477005
110,2,0.7843137383460999
110,3,0.7142857313156128
110,4,0.6851851940155029
110,5,0.6936936974525452
110,6,0.6339285969734192
110,7,0.5714285969734192
110,8,0.5288461446762085
110,9,0.5102040767669678
111,0,0.918367326259613
111,1,0.808080792427063
111,2,0.7291666865348816
111,3,0.698113203048706
111,4,0.684684693813324
111,5,0.6454545259475708
111,6,0.5765765905380249
111,7,0.5428571701049805
111,8,0.5204081535339355
111,9,0.4693877696990967
112,0,0.898876428604126
112,1,0.7865168452262878
112,2,0.7254902124404907
112,3,0.7333333492279053
112,4,0.6792452931404114
112,5,0.6226415038108826
112,6,0.5523809790611267
112,7,0.5204081535339355
112,8,0.4893617033958435
112,9,0.4752475321292877
113,0,0.8860759735107422
113,1,0.7604166865348816
113,2,0.7623762488365173
113,3,0.6761904954910278
113,4,0.6153846383094788
113,5,0.5643564462661743
113,6,0.542553186416626
113,7,0.49462366104125977
113,8,0.4848484992980957
113,9,0.4433962404727936
114,0,0.7111111283302307
114,1,0.6138613820075989
114,2,0.6262626051902771
114,3,0.625
114,4,0.6000000238418579
114,5,0.5714285969734192
114,6,0.5421686768531799
114,7,0.5227272510528564
114,8,0.4791666567325592
114,9,0.41999998688697815
115,0,0.7708333134651184
115,1,0.7708333134651184
115,2,0.6435643434524536
115,3,0.5979381203651428
115,4,0.5714285969734192
115,5,0.5340909361839294
115,6,0.5052631497383118
115,7,0.4848484992980957
115,8,0.4245283007621765
115,9,0.3303571343421936
116,0,0.9080459475517273
116,1,0.791208803653717
116,2,0.75
116,3,0.6818181872367859
116,4,0.593406617641449
116,5,0.5744680762290955
116,6,0.5833333134651184
116,7,0.6086956262588501
116,8,0.6091954112052917
116,9,0.569767415523529
117,0,0.8433734774589539
117,1,0.7674418687820435
117,2,0.6818181872367859
117,3,0.617977499961853
117,4,0.585106372833252
117,5,0.5894736647605896
117,6,0.6153846383094788
117,7,0.6162790656089783
117,8,0.569767415523529
117,9,0.5609756112098694
118,0,0.797468364238739
118,1,0.75
118,2,0.6395348906517029
118,3,0.6111111044883728
118,4,0.6086956262588501
118,5,0.6363636255264282
118,6,0.6091954112052917
118,7,0.5595238208770752
118,8,0.5609756112098694
118,9,0.5555555820465088
119,0,0.7808219194412231
119,1,0.7179487347602844
119,2,0.6363636255264282
119,3,0.6195651888847351
119,4,0.6153846383094788
119,5,0.5955055952072144
119,6,0.5340909361839294
119,7,0.5287356376647949
119,8,0.5232558250427246
119,9,0.5476190447807312
120,0,0.7260273694992065
120,1,0.6829268336296082
120,2,0.6516854166984558
120,3,0.6206896305084229
120,4,0.6000000238418579
120,5,0.5465116500854492
120,6,0.5057471394538879
120,7,0.4712643623352051
120,8,0.5
120,9,0.5121951103210449
121,0,0.782608687877655
121,1,0.7435897588729858
121,2,0.6117647290229797
121,3,0.5833333134651184
121,4,0.5176470875740051
121,5,0.49425286054611206
121,6,0.46590909361839294
121,7,0.4712643623352051
121,8,0.488095223903656
121,9,0.4588235318660736
122,0,0.7746478915214539
122,1,0.6024096608161926
122,2,0.5783132314682007
122,3,0.5357142686843872
122,4,0.47191011905670166
122,5,0.4444444477558136
122,6,0.4333333373069763
122,7,0.4444444477558136
122,8,0.42391303181648254
122,9,0.42553192377090454
123,0,0.5769230723381042
123,1,0.5769230723381042
123,2,0.488095223903656
123,3,0.4482758641242981
123,4,0.3913043439388275
123,5,0.3505154550075531
123,6,0.36082473397254944
123,7,0.35353535413742065
123,8,0.33980581164360046
123,9,0.4300000071525574
124,0,0.8225806355476379
124,1,0.6865671873092651
124,2,0.6231883764266968
124,3,0.5797101259231567
124,4,0.5757575631141663
124,5,0.5625
124,6,0.5079365372657776
124,7,0.460317462682724
124,8,0.5555555820465088
124,9,0.6349206566810608
125,0,0.7540983557701111
125,1,0.6567164063453674
125,2,0.5714285969734192
125,3,0.5797101259231567
125,4,0.5820895433425903
125,5,0.5384615659713745
125,6,0.5
125,7,0.6190476417541504
125,8,0.65625
125,9,0.6567164063453674
126,0,0.7142857313156128
126,1,0.6086956262588501
126,2,0.611940324306488
126,3,0.6176470518112183
126,4,0.5820895433425903
126,5,0.5671641826629639
126,6,0.6056337952613831
126,7,0.5844155550003052
126,8,0.6000000238418579
126,9,0.5897436141967773
127,0,0.6875
127,1,0.641791045665741
127,2,0.6615384817123413
127,3,0.5797101259231567
127,4,0.5735294222831726
127,5,0.6666666865348816
127,6,0.6000000238418579
127,7,0.662162184715271
127,8,0.5641025900840759
127,9,0.5974025726318359
128,0,0.7419354915618896
128,1,0.703125
128,2,0.65625
128,3,0.6176470518112183
128,4,0.6571428775787354
128,5,0.6164383292198181
128,6,0.6399999856948853
128,7,0.6184210777282715
128,8,0.6184210777282715
128,9,0.6447368264198303
129,0,0.7758620977401733
129,1,0.6875
129,2,0.6461538672447205
129,3,0.6478873491287231
129,4,0.6000000238418579
129,5,0.6527777910232544
129,6,0.6216216087341309
129,7,0.594936728477478
129,8,0.653333306312561
129,9,0.6184210777282715
130,0,0.7586206793785095
130,1,0.6818181872367859
130,2,0.6764705777168274
130,3,0.5921052694320679
130,4,0.6351351141929626
130,5,0.6052631735801697
130,6,0.5874999761581421
130,7,0.6363636255264282
130,8,0.649350643157959
130,9,0.6153846383094788
131,0,0.725806474685669
131,1,0.6571428775787354
131,2,0.6000000238418579
131,3,0.6447368264198303
131,4,0.6103895902633667
131,5,0.5853658318519592
131,6,0.6410256624221802
131,7,0.6172839403152466
131,8,0.6153846383094788
131,9,0.625
132,0,0.7301587462425232
132,1,0.6478873491287231
132,2,0.6666666865348816
132,3,0.6486486196517944
132,4,0.6000000238418579
132,5,0.649350643157959
132,6,0.6363636255264282
132,7,0.6399999856948853
132,8,0.625
132,9,0.5897436141967773
133,0,0.725806474685669
133,1,0.7777777910232544
133,2,0.7246376872062683
133,3,0.6901408433914185
133,4,0.6805555820465088
133,5,0.6301369667053223
133,6,0.6388888955116272
133,7,0.6285714507102966
133,8,0.5421686768531799
133,9,0.4803921580314636
134,0,0.8620689511299133
134,1,0.7313432693481445
134,2,0.6901408433914185
134,3,0.699999988079071
134,4,0.662162184715271
134,5,0.6388888955116272
134,6,0.6285714507102966
134,7,0.529411792755127
134,8,0.45098039507865906
134,9,0.4285714328289032
135,0,0.774193525314331
135,1,0.7538461685180664
135,2,0.7246376872062683
135,3,0.6805555820465088
135,4,0.6388888955116272
135,5,0.6197183132171631
135,6,0.5822784900665283
135,7,0.4653465449810028
135,8,0.4554455578327179
135,9,0.42990654706954956
136,0,0.7868852615356445
136,1,0.746268630027771
136,2,0.6805555820465088
136,3,0.6438356041908264
136,4,0.6197183132171631
136,5,0.5974025726318359
136,6,0.47959184646606445
136,7,0.46000000834465027
136,8,0.446601927280426
136,9,0.47422680258750916
137,0,0.78125
137,1,0.7101449370384216
137,2,0.7058823704719543
137,3,0.6197183132171631
137,4,0.6184210777282715
137,5,0.569767415523529
137,6,0.5681818127632141
137,7,0.5977011322975159
137,8,0.625
137,9,0.6266666650772095
138,0,0.800000011920929
138,1,0.7704917788505554
138,2,0.6567164063453674
138,3,0.6805555820465088
138,4,0.6024096608161926
138,5,0.604651153087616
138,6,0.6625000238418579
138,7,0.698630154132843
138,8,0.6857143044471741
138,9,0.48571428656578064
139,0,0.8103448152542114
139,1,0.6984127163887024
139,2,0.695652186870575
139,3,0.5783132314682007
139,4,0.5930232405662537
139,5,0.6582278609275818
139,6,0.6849315166473389
139,7,0.6619718074798584
139,8,0.49275362491607666
139,9,0.48351648449897766
140,0,0.7777777910232544
140,1,0.7966101765632629
140,2,0.5189873576164246
140,3,0.5308641791343689
140,4,0.6760563254356384
140,5,0.7538461685180664
140,6,0.6571428775787354
140,7,0.4714285731315613
140,8,0.44897958636283875
140,9,0.5473684072494507
141,0,0.7241379022598267
141,1,0.4556961953639984
141,2,0.5063291192054749
141,3,0.6285714507102966
141,4,0.761904776096344
141,5,0.7301587462425232
141,6,0.4852941036224365
141,7,0.4375
141,8,0.5591397881507874
141,9,0.5353535413742065
142,0,0.5945945978164673
142,1,0.6399999856948853
142,2,0.7042253613471985
142,3,0.7313432693481445
142,4,0.7384615540504456
142,5,0.5147058963775635
142,6,0.5714285969734192
142,7,0.6265060305595398
142,8,0.4752475321292877
142,9,0.4476190507411957
143,0,0.7101449370384216
143,1,0.7285714149475098
143,2,0.6399999856948853
143,3,0.5753424763679504
143,4,0.4189189076423645
143,5,0.5113636255264282
143,6,0.5930232405662537
143,7,0.46464645862579346
143,8,0.43809524178504944
143,9,0.39047619700431824
144,0,0.7878788113594055
144,1,0.7352941036224365
144,2,0.6428571343421936
144,3,0.4861111044883728
144,4,0.5595238208770752
144,5,0.5730336904525757
144,6,0.4653465449810028
144,7,0.4423076808452606
144,8,0.38181817531585693
144,9,0.3362068831920624
145,0,0.7936508059501648
145,1,0.7272727489471436
145,2,0.5072463750839233
145,3,0.5542168617248535
145,4,0.5977011322975159
145,5,0.5051546096801758
145,6,0.4660194218158722
145,7,0.41904762387275696
145,8,0.3761467933654785
145,9,0.375
146,0,0.7460317611694336
146,1,0.5555555820465088
146,2,0.5897436141967773
146,3,0.6835442781448364
146,4,0.54347825050354
146,5,0.5050504803657532
146,6,0.45098039507865906
146,7,0.3888888955116272
146,8,0.40740740299224854
146,9,0.3636363744735718
147,0,0.6140350699424744
147,1,0.7571428418159485
147,2,0.698630154132843
147,3,0.5647059082984924
147,4,0.5268816947937012
147,5,0.4893617033958435
147,6,0.40776699781417847
147,7,0.41904762387275696
147,8,0.37837839126586914
147,9,0.3660714328289032
148,0,0.7457627058029175
148,1,0.5714285969734192
148,2,0.36781609058380127
148,3,0.375
148,4,0.4047619104385376
148,5,0.28723403811454773
148,6,0.3030303120613098
148,7,0.25471699237823486
148,8,0.23148147761821747
148,9,0.22018349170684814
149,0,0.6216216087341309
149,1,0.4367816150188446
149,2,0.4333333373069763
149,3,0.4318181872367859
149,4,0.3020833432674408
149,5,0.30612245202064514
149,6,0.2571428716182709
149,7,0.23364485800266266
149,8,0.21495327353477478
149,9,0.17592592537403107
150,0,0.5657894611358643
150,1,0.5555555820465088
150,2,0.5512820482254028
150,3,0.4333333373069763
150,4,0.4157303273677826
150,5,0.36082473397254944
150,6,0.2788461446762085
150,7,0.2211538404226303
150,8,0.18269230425357819
150,9,0.15094339847564697
151,0,0.75
151,1,0.6901408433914185
151,2,0.523809552192688
151,3,0.5
151,4,0.4526315927505493
151,5,0.44329896569252014
151,6,0.4343434274196625
151,7,0.3921568691730499
151,8,0.4019607901573181
151,9,0.3611111044883728
152,0,0.6865671873092651
152,1,0.5375000238418579
152,2,0.523809552192688
152,3,0.4555555582046509
152,4,0.42105263471603394
152,5,0.3799999952316284
152,6,0.3529411852359772
152,7,0.3047619163990021
152,8,0.27272728085517883
152,9,0.24786324799060822
153,0,0.5194805264472961
153,1,0.5308641791343689
153,2,0.46590909361839294
153,3,0.44086021184921265
153,4,0.3958333432674408
153,5,0.3700000047683716
153,6,0.3333333432674408
153,7,0.29906541109085083
153,8,0.2631579041481018
153,9,0.24369747936725616
154,0,0.8095238208770752
154,1,0.7042253613471985
154,2,0.6756756901741028
154,3,0.6486486196517944
154,4,0.5714285969734192
154,5,0.5454545617103577
154,6,0.4871794879436493
154,7,0.45679011940956116
154,8,0.3488371968269348
154,9,0.5185185074806213
155,0,0.7313432693481445
155,1,0.6901408433914185
155,2,0.6301369667053223
155,3,0.5600000023841858
155,4,0.5199999809265137
155,5,0.44155845046043396
155,6,0.3333333432674408
155,7,0.26436781883239746
155,8,0.4337349534034729
155,9,0.3863636255264282
156,0,0.7761194109916687
156,1,0.6712328791618347
156,2,0.5714285969734192
156,3,0.54666668176651
156,4,0.48051947355270386
156,5,0.40506330132484436
156,6,0.3294117748737335
156,7,0.5
156,8,0.4285714328289032
156,9,0.45121949911117554
157,0,0.7727272510528564
157,1,0.6575342416763306
157,2,0.6052631735801697
157,3,0.5454545617103577
157,4,0.5316455960273743
157,5,0.5061728358268738
157,6,0.5874999761581421
157,7,0.5853658318519592
157,8,0.5802469253540039
157,9,0.5595238208770752
158,0,0.746268630027771
158,1,0.6266666650772095
158,2,0.5897436141967773
158,3,0.574999988079071
158,4,0.5301204919815063
158,5,0.6024096608161926
158,6,0.5747126340866089
158,7,0.5747126340866089
158,8,0.584269642829895
158,9,0.5604395866394043
159,0,0.7538461685180664
159,1,0.6478873491287231
159,2,0.6133333444595337
159,3,0.6025640964508057
159,4,0.6172839403152466
159,5,0.5930232405662537
159,6,0.550561785697937
159,7,0.5777778029441833
159,8,0.5263158082962036
159,9,0.5196078419685364
160,0,0.7692307829856873
160,1,0.699999988079071
160,2,0.6266666650772095
160,3,0.625
160,4,0.5617977380752563
160,5,0.5555555820465088
160,6,0.5473684072494507
160,7,0.48076921701431274
160,8,0.5045871734619141
160,9,0.429824560880661
161,0,0.7538461685180664
161,1,0.7083333134651184
161,2,0.6024096608161926
161,3,0.5555555820465088
161,4,0.5376344323158264
161,5,0.5252525210380554
161,6,0.47663551568984985
161,7,0.4661017060279846
161,8,0.4032258093357086
161,9,0.3731343150138855
162,0,0.800000011920929
162,1,0.612500011920929
162,2,0.5555555820465088
162,3,0.5555555820465088
162,4,0.5416666865348816
162,5,0.4716981053352356
162,6,0.48672565817832947
162,7,0.4166666567325592
162,8,0.375
162,9,0.3805970251560211
163,0,0.6575342416763306
163,1,0.6024096608161926
163,2,0.5581395626068115
163,3,0.5795454382896423
163,4,0.5263158082962036
163,5,0.5192307829856873
163,6,0.4403669834136963
163,7,0.38983049988746643
163,8,0.38211381435394287
163,9,0.33070865273475647
164,0,0.800000011920929
164,1,0.7647058963775635
164,2,0.746666669845581
164,3,0.6746987700462341
164,4,0.692307710647583
164,5,0.5882353186607361
164,6,0.5660377144813538
164,7,0.5904762148857117
164,8,0.553398072719574
164,9,0.48672565817832947
165,0,0.8125
165,1,0.800000011920929
165,2,0.7272727489471436
165,3,0.759036123752594
165,4,0.6931818127632141
165,5,0.625
165,6,0.6703296899795532
165,7,0.6436781883239746
165,8,0.6000000238418579
165,9,0.5196078419685364
166,0,0.875
166,1,0.7808219194412231
166,2,0.7682926654815674
166,3,0.6853932738304138
166,4,0.6489361524581909
166,5,0.6288659572601318
166,6,0.5894736647605896
166,7,0.5555555820465088
166,8,0.4642857015132904
166,9,0.44915252923965454
167,0,0.8333333134651184
167,1,0.807692289352417
167,2,0.6931818127632141
167,3,0.6288659572601318
167,4,0.6000000238418579
167,5,0.5588235259056091
167,6,0.48672565817832947
167,7,0.42276424169540405
167,8,0.42741936445236206
167,9,0.4032258093357086
168,0,0.7638888955116272
168,1,0.737500011920929
168,2,0.6704545617103577
168,3,0.6262626051902771
168,4,0.5588235259056091
168,5,0.5
168,6,0.4406779706478119
168,7,0.4344262182712555
168,8,0.40495866537094116
168,9,0.40869563817977905
169,0,0.8055555820465088
169,1,0.7283950448036194
169,2,0.7093023061752319
169,3,0.6333333253860474
169,4,0.625
169,5,0.5148515105247498
169,6,0.5
169,7,0.4545454680919647
169,8,0.4528301954269409
169,9,0.4752475321292877
170,0,0.7733333110809326
170,1,0.7530864477157593
170,2,0.6987951993942261
170,3,0.6707317233085632
170,4,0.5977011322975159
170,5,0.5777778029441833
170,6,0.5555555820465088
170,7,0.5454545617103577
170,8,0.5581395626068115
170,9,0.4639175236225128
171,0,0.800000011920929
171,1,0.7307692170143127
171,2,0.6385542154312134
171,3,0.5222222208976746
171,4,0.5494505763053894
171,5,0.5444444417953491
171,6,0.5714285969734192
171,7,0.5802469253540039
171,8,0.4893617033958435
171,9,0.3883495032787323
172,0,0.7567567825317383
172,1,0.6071428656578064
172,2,0.4791666567325592
172,3,0.46236559748649597
172,4,0.47826087474823
172,5,0.5411764979362488
172,6,0.5662650465965271
172,7,0.4583333432674408
172,8,0.34259259700775146
172,9,0.32743361592292786
173,0,0.5696202516555786
173,1,0.3737373650074005
173,2,0.4020618498325348
173,3,0.44086021184921265
173,4,0.5113636255264282
173,5,0.5662650465965271
173,6,0.4329896867275238
173,7,0.33636364340782166
173,8,0.313043475151062
173,9,0.2631579041481018
174,0,0.594936728477478
174,1,0.5444444417953491
174,2,0.510869562625885
174,3,0.5116279125213623
174,4,0.5365853905677795
174,5,0.4526315927505493
174,6,0.375
174,7,0.3545454442501068
174,8,0.30434781312942505
174,9,0.30000001192092896
175,0,0.8235294222831726
175,1,0.692307710647583
175,2,0.5747126340866089
175,3,0.5268816947937012
175,4,0.46078431606292725
175,5,0.4054054021835327
175,6,0.3913043439388275
175,7,0.347457617521286
175,8,0.35245901346206665
175,9,0.328125
176,0,0.7333333492279053
176,1,0.6219512224197388
176,2,0.5730336904525757
176,3,0.4897959232330322
176,4,0.4166666567325592
176,5,0.39823007583618164
176,6,0.347457617521286
176,7,0.35245901346206665
176,8,0.33070865273475647
176,9,0.2954545319080353
177,0,0.7123287916183472
177,1,0.6582278609275818
177,2,0.5393258333206177
177,3,0.4455445408821106
177,4,0.42307692766189575
177,5,0.3636363744735718
177,6,0.35652172565460205
177,7,0.3305785059928894
177,8,0.296875
177,9,0.27272728085517883
178,0,0.7647058963775635
178,1,0.5581395626068115
178,2,0.43877550959587097
178,3,0.4117647111415863
178,4,0.3619047701358795
178,5,0.3545454442501068
178,6,0.32758620381355286
178,7,0.2661290466785431
178,8,0.23076923191547394
178,9,0.18382352590560913
179,0,0.5569620132446289
179,1,0.3571428656578064
179,2,0.33980581164360046
179,3,0.3047619163990021
179,4,0.28828829526901245
179,5,0.24786324799060822
179,6,0.19672131538391113
179,7,0.15748031437397003
179,8,0.12598425149917603
179,9,0.19327731430530548
180,0,0.5714285969734192
180,1,0.5340909361839294
180,2,0.4479166567325592
180,3,0.4693877696990967
180,4,0.4245283007621765
180,5,0.3839285671710968
180,6,0.359649121761322
180,7,0.34210526943206787
180,8,0.3839285671710968
180,9,0.49038460850715637
181,0,0.739130437374115
181,1,0.5974025726318359
181,2,0.607594907283783
181,3,0.5287356376647949
181,4,0.48351648449897766
181,5,0.47311827540397644
181,6,0.39393940567970276
181,7,0.4895833432674408
181,8,0.5368421077728271
181,9,0.5204081535339355
182,0,0.7058823704719543
182,1,0.6712328791618347
182,2,0.6172839403152466
182,3,0.540229856967926
182,4,0.5053763389587402
182,5,0.4693877696990967
182,6,0.563829779624939
182,7,0.557894766330719
182,8,0.5
182,9,0.4711538553237915
183,0,0.779411792755127
183,1,0.6419752836227417
183,2,0.5730336904525757
183,3,0.5978260636329651
183,4,0.49484536051750183
183,5,0.550000011920929
183,6,0.5196078419685364
183,7,0.47663551568984985
183,8,0.44545453786849976
183,9,0.43478259444236755
184,0,0.7027027010917664
184,1,0.6144578456878662
184,2,0.5888888835906982
184,3,0.5157894492149353
184,4,0.550000011920929
184,5,0.5196078419685364
184,6,0.47663551568984985
184,7,0.44954127073287964
184,8,0.4385964870452881
184,9,0.4166666567325592
185,0,0.7027027010917664
185,1,0.675000011920929
185,2,0.5568181872367859
185,3,0.585106372833252
185,4,0.5408163070678711
185,5,0.48543688654899597
185,6,0.4660194218158722
185,7,0.46226415038108826
185,8,0.44859811663627625
185,9,0.4144144058227539
186,0,0.698630154132843
186,1,0.6329113841056824
186,2,0.6395348906517029
186,3,0.5591397881507874
186,4,0.521276593208313
186,5,0.4583333432674408
186,6,0.44897958636283875
186,7,0.4141414165496826
186,8,0.40816327929496765
186,9,0.41999998688697815
187,0,0.6857143044471741
187,1,0.6708860993385315
187,2,0.5652173757553101
187,3,0.44999998807907104
187,4,0.40594059228897095
187,5,0.39603960514068604
187,6,0.37142857909202576
187,7,0.336448609828949
187,8,0.35576921701431274
187,9,0.34951457381248474
188,0,0.6619718074798584
188,1,0.40909090638160706
188,2,0.3333333432674408
188,3,0.3469387888908386
188,4,0.3529411852359772
188,5,0.34951457381248474
188,6,0.32692307233810425
188,7,0.3663366436958313
188,8,0.36734694242477417
188,9,0.3636363744735718
189,0,0.6756756901741028
189,1,0.47777777910232544
189,2,0.483146071434021
189,3,0.489130437374115
189,4,0.49450549483299255
189,5,0.4444444477558136
189,6,0.46666666865348816
189,7,0.4193548262119293
189,8,0.4000000059604645
189,9,0.38999998569488525
190,0,0.6527777910232544
190,1,0.6410256624221802
190,2,0.569767415523529
190,3,0.5555555820465088
190,4,0.5161290168762207
190,5,0.5
190,6,0.4591836631298065
190,7,0.4747474789619446
190,8,0.4803921580314636
190,9,0.4615384638309479
191,0,0.7575757503509521
191,1,0.6486486196517944
191,2,0.5975610017776489
191,3,0.5731707215309143
191,4,0.5476190447807312
191,5,0.517241358757019
191,6,0.5222222208976746
191,7,0.554347813129425
191,8,0.5483871102333069
191,9,0.563829779624939
192,0,0.7058823704719543
192,1,0.653333306312561
192,2,0.5874999761581421
192,3,0.5476190447807312
192,4,0.523809552192688
192,5,0.5340909361839294
192,6,0.5730336904525757
192,7,0.5483871102333069
192,8,0.5698924660682678
192,9,0.5869565010070801
193,0,0.7164179086685181
193,1,0.6388888955116272
193,2,0.574999988079071
193,3,0.550000011920929
193,4,0.5662650465965271
193,5,0.5882353186607361
193,6,0.5666666626930237
193,7,0.5698924660682678
193,8,0.5684210658073425
193,9,0.563829779624939
194,0,0.6818181872367859
194,1,0.6133333444595337
194,2,0.5641025900840759
194,3,0.574999988079071
194,4,0.6172839403152466
194,5,0.6000000238418579
194,6,0.5955055952072144
194,7,0.5869565010070801
194,8,0.5416666865348816
194,9,0.563829779624939
195,0,0.7076923251152039
195,1,0.6197183132171631
195,2,0.6184210777282715
195,3,0.6710526347160339
195,4,0.6538461446762085
195,5,0.6625000238418579
195,6,0.6666666865348816
195,7,0.5813953280448914
195,8,0.5730336904525757
195,9,0.5666666626930237
196,0,0.7096773982048035
196,1,0.6666666865348816
196,2,0.7142857313156128
196,3,0.6666666865348816
196,4,0.6538461446762085
196,5,0.6883116960525513
196,6,0.6172839403152466
196,7,0.5882353186607361
196,8,0.5813953280448914
196,9,0.5795454382896423
197,0,0.7419354915618896
197,1,0.7313432693481445
197,2,0.6575342416763306
197,3,0.653333306312561
197,4,0.7027027010917664
197,5,0.6399999856948853
197,6,0.6712328791618347
197,7,0.6282051205635071
197,8,0.6000000238418579
197,9,0.5056179761886597
198,0,0.7692307829856873
198,1,0.7142857313156128
198,2,0.698630154132843
198,3,0.6753246784210205
198,4,0.6282051205635071
198,5,0.6202531456947327
198,6,0.604938268661499
198,7,0.5853658318519592
198,8,0.47191011905670166
198,9,0.4516128897666931
199,0,0.78125
199,1,0.7183098793029785
199,2,0.6666666865348816
199,3,0.6805555820465088
199,4,0.6447368264198303
199,5,0.6000000238418579
199,6,0.6103895902633667
199,7,0.47727271914482117
199,8,0.47191011905670166
199,9,0.49425286054611206
200,0,0.7846153974533081
200,1,0.6933333277702332
200,2,0.653333306312561
200,3,0.6202531456947327
200,4,0.5925925970077515
200,5,0.5802469253540039
200,6,0.46666666865348816
200,7,0.46666666865348816
200,8,0.49425286054611206
200,9,0.5227272510528564
201,0,0.800000011920929
201,1,0.7042253613471985
201,2,0.6712328791618347
201,3,0.6712328791618347
201,4,0.6153846383094788
201,5,0.5
201,6,0.5
201,7,0.5243902206420898
201,8,0.5853658318519592
201,9,0.4329896867275238
202,0,0.765625
202,1,0.7101449370384216
202,2,0.699999988079071
202,3,0.6266666650772095
202,4,0.5316455960273743
202,5,0.5243902206420898
202,6,0.5609756112098694
202,7,0.5975610017776489
202,8,0.4479166567325592
202,9,0.4444444477558136
203,0,0.761904776096344
203,1,0.7164179086685181
203,2,0.6714285612106323
203,3,0.5694444179534912
203,4,0.5616438388824463
203,5,0.5256410241127014
203,6,0.5555555820465088
203,7,0.4375
203,8,0.42424243688583374
203,9,0.4099999964237213
204,0,0.7301587462425232
204,1,0.6619718074798584
204,2,0.5526315569877625
204,3,0.5675675868988037
204,4,0.5443037748336792
204,5,0.5679012537002563
204,6,0.45652174949645996
204,7,0.4329896867275238
204,8,0.4300000071525574
204,9,0.4099999964237213
205,0,0.641791045665741
205,1,0.5600000023841858
205,2,0.5600000023841858
205,3,0.5316455960273743
205,4,0.5487805008888245
205,5,0.44680851697921753
205,6,0.41999998688697815
205,7,0.4099999964237213
205,8,0.4099999964237213
205,9,0.3365384638309479
206,0,0.5285714268684387
206,1,0.5333333611488342
206,2,0.5128205418586731
206,3,0.5375000238418579
206,4,0.43478259444236755
206,5,0.4166666567325592
206,6,0.4040403962135315
206,7,0.39393940567970276
206,8,0.3366336524486542
206,9,0.32692307233810425
207,0,0.7704917788505554
207,1,0.6811594367027283
207,2,0.6625000238418579
207,3,0.478723406791687
207,4,0.4591836631298065
207,5,0.44117647409439087
207,6,0.4215686321258545
207,7,0.36274510622024536
207,8,0.36538460850715637
207,9,0.48181816935539246
208,0,0.7301587462425232
208,1,0.7083333134651184
208,2,0.5232558250427246
208,3,0.49462366104125977
208,4,0.46875
208,5,0.4399999976158142
208,6,0.375
208,7,0.39047619700431824
208,8,0.4909090995788574
208,9,0.6065573692321777
209,0,0.720588207244873
209,1,0.5176470875740051
209,2,0.5
209,3,0.4736842215061188
209,4,0.4536082446575165
209,5,0.3689320385456085
209,6,0.380952388048172
209,7,0.4862385392189026
209,8,0.6410256624221802
209,9,0.7637795209884644
210,0,0.5324675440788269
210,1,0.4941176474094391
210,2,0.45652174949645996
210,3,0.43157893419265747
210,4,0.3636363744735718
210,5,0.343137264251709
210,6,0.48571428656578064
210,7,0.6666666865348816
210,8,0.8016529083251953
210,9,0.7629629373550415
211,0,0.7272727489471436
211,1,0.7042253613471985
211,2,0.6233766078948975
211,3,0.5625
211,4,0.5465116500854492
211,5,0.6315789222717285
211,6,0.6465517282485962
211,7,0.6541353464126587
211,8,0.7299270033836365
211,9,0.7536231875419617
212,0,0.7424242496490479
212,1,0.6578947305679321
212,2,0.6000000238418579
212,3,0.5581395626068115
212,4,0.6458333134651184
212,5,0.6551724076271057
212,6,0.6541353464126587
212,7,0.7463768124580383
212,8,0.7482014298439026
212,9,0.7517730593681335
213,0,0.7647058963775635
213,1,0.6351351141929626
213,2,0.6282051205635071
213,3,0.7241379022598267
213,4,0.6607142686843872
213,5,0.6412213444709778
213,6,0.7518796920776367
213,7,0.7555555701255798
213,8,0.7410072088241577
213,9,0.7042253613471985
214,0,0.695652186870575
214,1,0.6891891956329346
214,2,0.7804877758026123
214,3,0.6880733966827393
214,4,0.6538461446762085
214,5,0.7518796920776367
214,6,0.7686567306518555
214,7,0.7463768124580383
214,8,0.7042253613471985
214,9,0.6901408433914185
215,0,0.75
215,1,0.790123462677002
215,2,0.6697247624397278
215,3,0.6589147448539734
215,4,0.7557252049446106
215,5,0.7575757503509521
215,6,0.7153284549713135
215,7,0.6879432797431946
215,8,0.6549295783042908
215,9,0.6285714507102966
216,0,0.7710843086242676
216,1,0.6454545259475708
216,2,0.6259542107582092
216,3,0.7218044996261597
216,4,0.7368420958518982
216,5,0.7101449370384216
216,6,0.6760563254356384
216,7,0.6595744490623474
216,8,0.633093535900116
216,9,0.7285714149475098
217,0,0.7799999713897705
217,1,0.7200000286102295
217,2,0.7984496355056763
217,3,0.7611940503120422
217,4,0.7318840622901917
217,5,0.699999988079071
217,6,0.6642857193946838
217,7,0.6214285492897034
217,8,0.7338129281997681
217,9,0.8230769038200378
218,0,0.7931034564971924
218,1,0.841269850730896
218,2,0.8230769038200378
218,3,0.7753623127937317
218,4,0.7112675905227661
218,5,0.6808510422706604
218,6,0.631205677986145
218,7,0.7214285731315613
218,8,0.8307692408561707
218,9,0.7943925261497498
219,0,0.8294573426246643
219,1,0.8208954930305481
219,2,0.7676056623458862
219,3,0.7297297120094299
219,4,0.7114093899726868
219,5,0.6800000071525574
219,6,0.7770270109176636
219,7,0.875
219,8,0.6953125
219,9,0.5365853905677795
220,0,0.8692307472229004
220,1,0.8115941882133484
220,2,0.7676056623458862
220,3,0.7034482955932617
220,4,0.6482758522033691
220,5,0.769784152507782
220,6,0.8484848737716675
220,7,0.7586206793785095
220,8,0.5855855941772461
220,9,0.60550457239151
221,0,0.8321167826652527
221,1,0.7902097702026367
221,2,0.7103448510169983
221,3,0.6413792967796326
221,4,0.7681159377098083
221,5,0.847328245639801
221,6,0.792792797088623
221,7,0.6285714507102966
221,8,0.6380952596664429
221,9,0.6018518805503845
222,0,0.8633093237876892
222,1,0.7602739930152893
222,2,0.6666666865348816
222,3,0.782608687877655
222,4,0.8692307472229004
222,5,0.778761088848114
222,6,0.6285714507102966
222,7,0.6320754885673523
222,8,0.6074766516685486
222,9,0.5945945978164673
223,0,0.8905109763145447
223,1,0.7708333134651184
223,2,0.8510638475418091
223,3,0.9104477763175964
223,4,0.725806474685669
223,5,0.573913037776947
223,6,0.5862069129943848
223,7,0.5593220591545105
223,8,0.5630252361297607
223,9,0.5284552574157715
224,0,0.90625
224,1,0.9111111164093018
224,2,0.8832116723060608
224,3,0.7039999961853027
224,4,0.5546218752861023
224,5,0.5762711763381958
224,6,0.5409836173057556
224,7,0.523809552192688
224,8,0.5039370059967041
224,9,0.515625
225,0,0.8676470518112183
225,1,0.7655172348022461
225,2,0.6769230961799622
225,3,0.5454545617103577
225,4,0.5619834661483765
225,5,0.5322580933570862
225,6,0.5275590419769287
225,7,0.5078125
225,8,0.5
225,9,0.48507463932037354
226,0,0.8417266011238098
226,1,0.703125
226,2,0.5847457647323608
226,3,0.6034482717514038
226,4,0.5666666626930237
226,5,0.5833333134651184
226,6,0.5491803288459778
226,7,0.5403226017951965
226,8,0.4883720874786377
226,9,0.442748099565506
227,0,0.7603305578231812
227,1,0.5798319578170776
227,2,0.605042040348053
227,3,0.5702479481697083
227,4,0.5901639461517334
227,5,0.5645161271095276
227,6,0.5806451439857483
227,7,0.5600000023841858
227,8,0.5317460298538208
227,9,0.5691056847572327
228,0,0.7263157963752747
228,1,0.7227723002433777
228,2,0.6990291476249695
228,3,0.7047619223594666
228,4,0.6636363863945007
228,5,0.6756756901741028
228,6,0.6428571343421936
228,7,0.6140350699424744
228,8,0.6034482717514038
228,9,0.6034482717514038
229,0,0.9102563858032227
229,1,0.8372092843055725
229,2,0.8295454382896423
229,3,0.7553191781044006
229,4,0.7708333134651184
229,5,0.7058823704719543
229,6,0.686274528503418
229,7,0.6216216087341309
229,8,0.5762711763381958
229,9,0.5677965879440308
230,0,0.875
230,1,0.8588235378265381
230,2,0.7977527976036072
230,3,0.8222222328186035
230,4,0.7473683953285217
230,5,0.6868686676025391
230,6,0.686274528503418
230,7,0.6542056202888489
230,8,0.6296296119689941
230,9,0.6036036014556885
231,0,0.8902438879013062
231,1,0.8452380895614624
231,2,0.8314606547355652
231,3,0.774193525314331
231,4,0.71875
231,5,0.699999988079071
231,6,0.6730769276618958
231,7,0.6415094137191772
231,8,0.6203703880310059
231,9,0.5652173757553101
232,0,0.8987341523170471
232,1,0.8470588326454163
232,2,0.7777777910232544
232,3,0.7234042286872864
232,4,0.7113401889801025
232,5,0.6800000071525574
232,6,0.656862735748291
232,7,0.656862735748291
232,8,0.5625
232,9,0.5478261113166809
233,0,0.8333333134651184
233,1,0.7888888716697693
233,2,0.7311828136444092
233,3,0.7113401889801025
233,4,0.6732673048973083
233,5,0.6442307829856873
233,6,0.6320754885673523
233,7,0.5575221180915833
233,8,0.5338982939720154
233,9,0.4836065471172333
234,0,0.8414633870124817
234,1,0.7816091775894165
234,2,0.7052631378173828
234,3,0.6938775777816772
234,4,0.6767676472663879
234,5,0.6767676472663879
234,6,0.5727272629737854
234,7,0.5526315569877625
234,8,0.504273533821106
234,9,0.47457626461982727
235,0,0.8125
235,1,0.7333333492279053
235,2,0.739130437374115
235,3,0.7127659320831299
235,4,0.72826087474823
235,5,0.6274510025978088
235,6,0.5887850522994995
235,7,0.5504587292671204
235,8,0.5272727012634277
235,9,0.5135135054588318
236,0,0.6860465407371521
236,1,0.6666666865348816
236,2,0.7176470756530762
236,3,0.7560975551605225
236,4,0.5824176073074341
236,5,0.5833333134651184
236,6,0.5625
236,7,0.5257731676101685
236,8,0.4848484992980957
236,9,0.4399999976158142
237,0,0.9066666960716248
237,1,0.8271604776382446
237,2,0.8072289228439331
237,3,0.7444444298744202
237,4,0.7204301357269287
237,5,0.6530612111091614
237,6,0.6326530575752258
237,7,0.6057692170143127
237,8,0.5904762148857117
237,9,0.5794392228126526
238,0,0.8552631735801697
238,1,0.824999988079071
238,2,0.7386363744735718
238,3,0.7415730357170105
238,4,0.6808510422706604
238,5,0.6391752362251282
238,6,0.6299999952316284
238,7,0.6078431606292725
238,8,0.6078431606292725
238,9,0.5490196347236633
239,0,0.8421052694320679
239,1,0.7272727489471436
239,2,0.7142857313156128
239,3,0.6595744490623474
239,4,0.6185566782951355
239,5,0.6100000143051147
239,6,0.5714285969734192
239,7,0.5660377144813538
239,8,0.5142857432365417
239,9,0.5048543810844421
240,0,0.7439024448394775
240,1,0.6966292262077332
240,2,0.6451612710952759
240,3,0.6276595592498779
240,4,0.6185566782951355
240,5,0.5959596037864685
240,6,0.581632673740387
240,7,0.5
240,8,0.47959184646606445
240,9,0.43877550959587097
241,0,0.8666666746139526
241,1,0.738095223903656
241,2,0.6931818127632141
241,3,0.6847826242446899
241,4,0.6666666865348816
241,5,0.6595744490623474
241,6,0.5894736647605896
241,7,0.5833333134651184
241,8,0.5773195624351501
241,9,0.5773195624351501
242,0,0.8181818127632141
242,1,0.7439024448394775
242,2,0.7241379022598267
242,3,0.6813187003135681
242,4,0.6739130616188049
242,5,0.5957446694374084
242,6,0.59375
242,7,0.5773195624351501
242,8,0.5773195624351501
242,9,0.5102040767669678
243,0,0.7792207598686218
243,1,0.7560975551605225
243,2,0.7176470756530762
243,3,0.6853932738304138
243,4,0.6222222447395325
243,5,0.6086956262588501
243,6,0.5913978219032288
243,7,0.5894736647605896
243,8,0.5208333134651184
243,9,0.5306122303009033
244,0,0.7894737124443054
244,1,0.7530864477157593
244,2,0.6931818127632141
244,3,0.6321839094161987
244,4,0.617977499961853
244,5,0.6043956279754639
244,6,0.5978260636329651
244,7,0.5268816947937012
244,8,0.5591397881507874
244,9,0.5204081535339355
245,0,0.8243243098258972
245,1,0.7721518874168396
245,2,0.6470588445663452
245,3,0.6321839094161987
245,4,0.625
245,5,0.6111111044883728
245,6,0.5384615659713745
245,7,0.542553186416626
245,8,0.5208333134651184
245,9,0.5408163070678711
246,0,0.8082191944122314
246,1,0.7051281929016113
246,2,0.6626505851745605
246,3,0.6352941393852234
246,4,0.6279069781303406
246,5,0.5517241358757019
246,6,0.54347825050354
246,7,0.5494505763053894
246,8,0.5760869383811951
246,9,0.5600000023841858
247,0,0.7746478915214539
247,1,0.7142857313156128
247,2,0.675000011920929
247,3,0.650602400302887
247,4,0.5647059082984924
247,5,0.5681818127632141
247,6,0.5747126340866089
247,7,0.5777778029441833
247,8,0.5510203838348389
247,9,0.5490196347236633
248,0,0.8115941882133484
248,1,0.7333333492279053
248,2,0.6790123581886292
248,3,0.5833333134651184
248,4,0.6071428656578064
248,5,0.5882353186607361
248,6,0.5777778029441833
248,7,0.5510203838348389
248,8,0.5333333611488342
248,9,0.477477490901947
249,0,0.7857142686843872
249,1,0.7236841917037964
249,2,0.612500011920929
249,3,0.6071428656578064
249,4,0.5747126340866089
249,5,0.5483871102333069
249,6,0.5400000214576721
249,7,0.5185185074806213
249,8,0.48181816935539246
249,9,0.3761467933654785
250,0,0.8358209133148193
250,1,0.649350643157959
250,2,0.6265060305595398
250,3,0.5730336904525757
250,4,0.5368421077728271
250,5,0.5299999713897705
250,6,0.5142857432365417
250,7,0.4862385392189026
250,8,0.35779815912246704
250,9,0.4054054021835327
251,0,0.765625
251,1,0.698630154132843
251,2,0.6329113841056824
251,3,0.569767415523529
251,4,0.5376344323158264
251,5,0.5
251,6,0.43809524178504944
251,7,0.3300970792770386
251,8,0.37735849618911743
251,9,0.4285714328289032
252,0,0.7538461685180664
252,1,0.6901408433914185
252,2,0.6172839403152466
252,3,0.5730336904525757
252,4,0.5360824465751648
252,5,0.46078431606292725
252,6,0.343137264251709
252,7,0.3962264060974121
252,8,0.4399999976158142
252,9,0.34951457381248474
253,0,0.8166666626930237
253,1,0.7183098793029785
253,2,0.6707317233085632
253,3,0.6304348111152649
253,4,0.5204081535339355
253,5,0.42574256658554077
253,6,0.5
253,7,0.47058823704719543
253,8,0.4628099203109741
253,9,0.4285714328289032
254,0,0.7777777910232544
254,1,0.6708860993385315
254,2,0.6477272510528564
254,3,0.5151515007019043
254,4,0.3883495032787323
254,5,0.5
254,6,0.4590163826942444
254,7,0.47863247990608215
254,8,0.4285714328289032
254,9,0.37735849618911743
255,0,0.6944444179534912
255,1,0.6470588445663452
255,2,0.5473684072494507
255,3,0.4343434274196625
255,4,0.4954954981803894
255,5,0.4320000112056732
255,6,0.4047619104385376
255,7,0.3870967626571655
255,8,0.31200000643730164
255,9,0.3185185194015503
256,0,0.7571428418159485
256,1,0.7341772317886353
256,2,0.5662650465965271
256,3,0.6373626589775085
256,4,0.5094339847564697
256,5,0.5490196347236633
256,6,0.4897959232330322
256,7,0.42553192377090454
256,8,0.45370370149612427
256,9,0.39344263076782227
257,0,0.8333333134651184
257,1,0.6266666650772095
257,2,0.6781609058380127
257,3,0.5643564462661743
257,4,0.5490196347236633
257,5,0.47999998927116394
257,6,0.4000000059604645
257,7,0.4678899049758911
257,8,0.41803279519081116
257,9,0.4396551847457886
258,0,0.7704917788505554
258,1,0.7599999904632568
258,2,0.5625
258,3,0.5773195624351501
258,4,0.5106382966041565
258,5,0.4444444477558136
258,6,0.47663551568984985
258,7,0.4117647111415863
258,8,0.44736841320991516
258,9,0.45370370149612427
259,0,0.703125
259,1,0.6027397513389587
259,2,0.6575342416763306
259,3,0.7272727489471436
259,4,0.6060606241226196
259,5,0.594936728477478
259,6,0.4838709533214569
259,7,0.44999998807907104
259,8,0.4693877696990967
259,9,0.3947368562221527
260,0,0.698630154132843
260,1,0.7272727489471436
260,2,0.6315789222717285
260,3,0.5194805264472961
260,4,0.532608687877655
260,5,0.4571428596973419
260,6,0.4385964870452881
260,7,0.4375
260,8,0.4262295067310333
260,9,0.4409448802471161
261,0,0.7571428418159485
261,1,0.5555555820465088
261,2,0.4819277226924896
261,3,0.5666666626930237
261,4,0.4761904776096344
261,5,0.44736841320991516
261,6,0.44545453786849976
261,7,0.4444444477558136
261,8,0.4560000002384186
261,9,0.48275861144065857
262,0,0.6818181872367859
262,1,0.6060606241226196
262,2,0.6891891956329346
262,3,0.5903614163398743
262,4,0.5368421077728271
262,5,0.5384615659713745
262,6,0.5473684072494507
262,7,0.553398072719574
262,8,0.5
262,9,0.5
263,0,0.8333333134651184
263,1,0.8448275923728943
263,2,0.6571428775787354
263,3,0.6399999856948853
263,4,0.6399999856948853
263,5,0.5731707215309143
263,6,0.563829779624939
263,7,0.47999998927116394
263,8,0.4653465449810028
263,9,0.4761904776096344
264,0,0.6140350699424744
264,1,0.4492753744125366
264,2,0.6153846383094788
264,3,0.8103448152542114
264,4,0.591549277305603
264,5,0.5308641791343689
264,6,0.523809552192688
264,7,0.523809552192688
264,8,0.47252747416496277
264,9,0.48181816935539246
265,0,0.6521739363670349
265,1,0.720588207244873
265,2,0.765625
265,3,0.6901408433914185
265,4,0.6144578456878662
265,5,0.6296296119689941
265,6,0.6296296119689941
265,7,0.5384615659713745
265,8,0.46666666865348816
265,9,0.4285714328289032
266,0,0.7538461685180664
266,1,0.6857143044471741
266,2,0.6800000071525574
266,3,0.6962025165557861
266,4,0.6829268336296082
266,5,0.6708860993385315
266,6,0.5617977380752563
266,7,0.43697479367256165
266,8,0.3918918967247009
266,9,0.5248227119445801
267,0,0.765625
267,1,0.7761194109916687
267,2,0.612500011920929
267,3,0.6666666865348816
267,4,0.6172839403152466
267,5,0.5274725556373596
267,6,0.38842976093292236
267,7,0.34228187799453735
267,8,0.47183099389076233
267,9,0.6015037298202515
268,0,0.6769230961799622
268,1,0.4588235318660736
268,2,0.5301204919815063
268,3,0.5874999761581421
268,4,0.42553192377090454
268,5,0.3440000116825104
268,6,0.3221476376056671
268,7,0.44366195797920227
268,8,0.5789473652839661
268,9,0.5748031735420227
269,0,0.6025640964508057
269,1,0.6582278609275818
269,2,0.6455696225166321
269,3,0.5666666626930237
269,4,0.4285714328289032
269,5,0.3758389353752136
269,6,0.49295774102211
269,7,0.611940324306488
269,8,0.5984252095222473
269,9,0.6528925895690918
270,0,0.8852459192276001
270,1,0.6944444179534912
270,2,0.6623376607894897
270,3,0.5229358077049255
270,4,0.4166666567325592
270,5,0.5281690359115601
270,6,0.6240601539611816
270,7,0.6141732335090637
270,8,0.6363636255264282
270,9,0.7410714030265808
271,0,0.7611940503120422
271,1,0.6463414430618286
271,2,0.5267857313156128
271,3,0.4577464759349823
271,4,0.5857142806053162
271,5,0.6865671873092651
271,6,0.682539701461792
271,7,0.7190082669258118
271,8,0.7876105904579163
271,9,0.8787878751754761
272,0,0.607594907283783
272,1,0.5
272,2,0.4615384638309479
272,3,0.6000000238418579
272,4,0.6865671873092651
272,5,0.6511628031730652
272,6,0.6829268336296082
272,7,0.7964601516723633
272,8,0.8600000143051147
272,9,0.8295454382896423
273,0,0.625
273,1,0.5267175436019897
273,2,0.6277372241020203
273,3,0.6985294222831726
273,4,0.6641221642494202
273,5,0.6747967600822449
273,6,0.76106196641922
273,7,0.800000011920929
273,8,0.8139534592628479
273,9,0.7809523940086365
274,0,0.6990291476249695
274,1,0.8108108043670654
274,2,0.772357702255249
274,3,0.7603305578231812
274,4,0.7916666865348816
274,5,0.8672566413879395
274,6,0.8921568393707275
274,7,0.7765957713127136
274,8,0.7981651425361633
274,9,0.7539682388305664
275,0,0.7837837934494019
275,1,0.7317073345184326
275,2,0.7948718070983887
275,3,0.8508771657943726
275,4,0.8684210777282715
275,5,0.8703703880310059
275,6,0.7300000190734863
275,7,0.8018018007278442
275,8,0.7559055089950562
275,9,0.7952755689620972
276,0,0.7983193397521973
276,1,0.8103448152542114
276,2,0.8135592937469482
276,3,0.8389830589294434
276,4,0.8018018007278442
276,5,0.7019230723381042
276,6,0.7739130258560181
276,7,0.7716535329818726
276,8,0.8031495809555054
276,9,0.7557252049446106
277,0,0.8738738894462585
277,1,0.7868852615356445
277,2,0.8048780560493469
277,3,0.756302535533905
277,4,0.6339285969734192
277,5,0.6666666865348816
277,6,0.6934306621551514
277,7,0.8253968358039856
277,8,0.7461538314819336
277,9,0.6766917109489441
278,0,0.8818181753158569
278,1,0.8403361439704895
278,2,0.8086956739425659
278,3,0.6886792182922363
278,4,0.756302535533905
278,5,0.7786259651184082
278,6,0.8294573426246643
278,7,0.8045112490653992
278,8,0.7894737124443054
278,9,0.7202796936035156
279,0,0.8333333134651184
279,1,0.7692307829856873
279,2,0.6460176706314087
279,3,0.7355371713638306
279,4,0.7593985199928284
279,5,0.8167939186096191
279,6,0.7971014380455017
279,7,0.7985074520111084
279,8,0.7123287916183472
279,9,0.7605633735656738
280,0,0.8962264060974121
280,1,0.6759259104728699
280,2,0.7377049326896667
280,3,0.7669172883033752
280,4,0.8604651093482971
280,5,0.8283582329750061
280,6,0.7969924807548523
280,7,0.8484848737716675
280,8,0.8074073791503906
280,9,0.7647058963775635
281,0,0.8295454382896423
281,1,0.8691588640213013
281,2,0.8512396812438965
281,3,0.8455284833908081
281,4,0.787401556968689
281,5,0.75
281,6,0.732824444770813
281,7,0.6962962746620178
281,8,0.6917293071746826
281,9,0.6917293071746826
282,0,0.8144329786300659
282,1,0.7542372941970825
282,2,0.751937985420227
282,3,0.8153846263885498
282,4,0.8125
282,5,0.7552447319030762
282,6,0.798561155796051
282,7,0.7720588445663452
282,8,0.6849315166473389
282,9,0.6062992215156555
283,0,0.8644067645072937
283,1,0.7426470518112183
283,2,0.8615384697914124
283,3,0.8661417365074158
283,4,0.7681159377098083
283,5,0.7769784331321716
283,6,0.7910447716712952
283,7,0.6853147149085999
283,8,0.631147563457489
283,9,0.6229507923126221
284,0,0.8507462739944458
284,1,0.8740741014480591
284,2,0.8666666746139526
284,3,0.8832116723060608
284,4,0.9117646813392639
284,5,0.9037036895751953
284,6,0.8686131238937378
284,7,0.7416666746139526
284,8,0.7666666507720947
284,9,0.7177419066429138
285,0,0.8484848737716675
285,1,0.8235294222831726
285,2,0.9318181872367859
285,3,0.8832116723060608
285,4,0.8814814686775208
285,5,0.7816901206970215
285,6,0.6771653294563293
285,7,0.7016128897666931
285,8,0.7179487347602844
285,9,0.6190476417541504
286,0,0.8721804618835449
286,1,0.9473684430122375
286,2,0.9407407641410828
286,3,0.9037036895751953
286,4,0.7891156673431396
286,5,0.6518518328666687
286,6,0.7360000014305115
286,7,0.7131147384643555
286,8,0.65625
286,9,0.604651153087616
287,0,0.8156028389930725
287,1,0.9264705777168274
287,2,0.8814814686775208
287,3,0.7931034564971924
287,4,0.6818181872367859
287,5,0.7360000014305115
287,6,0.7250000238418579
287,7,0.6589147448539734
287,8,0.60317462682724
287,9,0.5759999752044678
288,0,0.9037036895751953
288,1,0.9185185432434082
288,2,0.8613138794898987
288,3,0.75
288,4,0.71875
288,5,0.7333333492279053
288,6,0.6488549709320068
288,7,0.60317462682724
288,8,0.5759999752044678
288,9,0.5166666507720947
289,0,0.9253731369972229
289,1,0.8905109763145447
289,2,0.7583333253860474
289,3,0.734375
289,4,0.7355371713638306
289,5,0.6515151262283325
289,6,0.6220472455024719
289,7,0.5920000076293945
289,8,0.5289255976676941
289,9,0.4806201457977295
290,0,0.8068965673446655
290,1,0.7244094610214233
290,2,0.748031497001648
290,3,0.7479674816131592
290,4,0.6423357725143433
290,5,0.6335877776145935
290,6,0.640625
290,7,0.5590550899505615
290,8,0.5461538434028625
290,9,0.48507463932037354
291,0,0.7603305578231812
291,1,0.8048780560493469
291,2,0.75
291,3,0.7479674816131592
291,4,0.7350427508354187
291,5,0.6612903475761414
291,6,0.5769230723381042
291,7,0.6141732335090637
291,8,0.5572519302368164
291,9,0.5703703761100769
292,0,0.932692289352417
292,1,0.8518518805503845
292,2,0.8035714030265808
292,3,0.7657657861709595
292,4,0.7456140518188477
292,5,0.6147540807723999
292,6,0.6864407062530518
292,7,0.6065573692321777
292,8,0.5789473652839661
292,9,0.5507246255874634
293,0,0.9215686321258545
293,1,0.782608687877655
293,2,0.732758641242981
293,3,0.7118644118309021
293,4,0.6554622054100037
293,5,0.6097561120986938
293,6,0.6260162591934204
293,7,0.6136363744735718
293,8,0.5735294222831726
293,9,0.5522388219833374
294,0,0.7345132827758789
294,1,0.6896551847457886
294,2,0.680672287940979
294,3,0.6355932354927063
294,4,0.579365074634552
294,5,0.548872172832489
294,6,0.5735294222831726
294,7,0.5620437860488892
294,8,0.5639097690582275
294,9,0.5736433863639832
295,0,0.9081632494926453
295,1,0.8380952477455139
295,2,0.7339449524879456
295,3,0.7547169923782349
295,4,0.7264150977134705
295,5,0.7547169923782349
295,6,0.761904776096344
295,7,0.7647058963775635
295,8,0.75
295,9,0.7575757503509521
296,0,0.9157894849777222
296,1,0.800000011920929
296,2,0.7452830076217651
296,3,0.7333333492279053
296,4,0.7714285850524902
296,5,0.75
296,6,0.7766990065574646
296,7,0.7549019455909729
296,8,0.7524752616882324
296,9,0.7475728392601013
297,0,0.8901098966598511
297,1,0.7102803587913513
297,2,0.6944444179534912
297,3,0.6991150379180908
297,4,0.7410714030265808
297,5,0.7297297120094299
297,6,0.7314814925193787
297,7,0.7090908885002136
297,8,0.6964285969734192
297,9,0.681034505367279
298,0,0.6538461446762085
298,1,0.6146789193153381
298,2,0.626086950302124
298,3,0.6499999761581421
298,4,0.6779661178588867
298,5,0.680672287940979
298,6,0.6557376980781555
298,7,0.6428571343421936
298,8,0.6230769157409668
298,9,0.5789473652839661
299,0,0.8279569745063782
299,1,0.7920792102813721
299,2,0.7980769276618958
299,3,0.7941176295280457
299,4,0.8061224222183228
299,5,0.8020833134651184
299,6,0.7799999713897705
299,7,0.7745097875595093
299,8,0.7745097875595093
299,9,0.7961165308952332
300,0,0.84375
300,1,0.7884615659713745
300,2,0.8039215803146362
300,3,0.801980197429657
300,4,0.7745097875595093
300,5,0.7843137383460999
300,6,0.7692307829856873
300,7,0.7692307829856873
300,8,0.7454545497894287
300,9,0.699999988079071
301,0,0.84375
301,1,0.7766990065574646
301,2,0.7788461446762085
301,3,0.7570093274116516
301,4,0.7735849022865295
301,5,0.7735849022865295
301,6,0.7641509175300598
301,7,0.7592592835426331
301,8,0.6964285969734192
301,9,0.6608695387840271
302,0,0.8541666865348816
302,1,0.7864077687263489
302,2,0.7272727489471436
302,3,0.7545454502105713
302,4,0.7567567825317383
302,5,0.7410714030265808
302,6,0.7567567825317383
302,7,0.6896551847457886
302,8,0.6525423526763916
302,9,0.6416666507720947
303,0,0.8510638475418091
303,1,0.7155963182449341
303,2,0.7345132827758789
303,3,0.7241379022598267
303,4,0.7288135886192322
303,5,0.7631579041481018
303,6,0.6890756487846375
303,7,0.6504064798355103
303,8,0.6399999856948853
303,9,0.60317462682724
304,0,0.8144329786300659
304,1,0.7477477192878723
304,2,0.7083333134651184
304,3,0.699999988079071
304,4,0.8070175647735596
304,5,0.7372881174087524
304,6,0.6480000019073486
304,7,0.6141732335090637
304,8,0.5648854970932007
304,9,0.5777778029441833
305,0,0.8399999737739563
305,1,0.730434775352478
305,2,0.6803278923034668
305,3,0.8648648858070374
305,4,0.7758620977401733
305,5,0.7016128897666931
305,6,0.6399999856948853
305,7,0.5905511975288391
305,8,0.5820895433425903
305,9,0.6029411554336548
306,0,0.7614678740501404
306,1,0.680672287940979
306,2,0.8796296119689941
306,3,0.7982456088066101
306,4,0.702479362487793
306,5,0.6585366129875183
306,6,0.5826771855354309
306,7,0.59375
306,8,0.6106870174407959
306,9,0.643410861492157
307,0,0.7747747898101807
307,1,0.8962264060974121
307,2,0.8148148059844971
307,3,0.7565217614173889
307,4,0.694915235042572
307,5,0.6440678238868713
307,6,0.64462810754776
307,7,0.6370967626571655
307,8,0.6240000128746033
307,9,0.6904761791229248
308,0,0.8867924809455872
308,1,0.8796296119689941
308,2,0.7964601516723633
308,3,0.7264957427978516
308,4,0.695652186870575
308,5,0.675000011920929
308,6,0.6803278923034668
308,7,0.6721311211585999
308,8,0.707317054271698
308,9,0.7966101765632629
309,0,0.8666666746139526
309,1,0.7863247990608215
309,2,0.7647058963775635
309,3,0.7190082669258118
309,4,0.7279999852180481
309,5,0.7401574850082397
309,6,0.7560975551605225
309,7,0.7637795209884644
309,8,0.7559055089950562
309,9,0.8130081295967102
310,0,0.8846153616905212
310,1,0.767241358757019
310,2,0.7310924530029297
310,3,0.7377049326896667
310,4,0.7519999742507935
310,5,0.7580645084381104
310,6,0.7637795209884644
310,7,0.7559055089950562
310,8,0.8211382031440735
310,9,0.8151260614395142
311,0,0.8476190567016602
311,1,0.7565217614173889
311,2,0.7478991746902466
311,3,0.7642276287078857
311,4,0.774193525314331
311,5,0.7734375
311,6,0.7795275449752808
311,7,0.8145161271095276
311,8,0.8048780560493469
311,9,0.7761194109916687
312,0,0.822429895401001
312,1,0.7627118825912476
312,2,0.7704917788505554
312,3,0.713178277015686
312,4,0.7538461685180664
312,5,0.7538461685180664
312,6,0.7839999794960022
312,7,0.7822580933570862
312,8,0.8059701323509216
312,9,0.8270676732063293
313,0,0.8425925970077515
313,1,0.7899159789085388
313,2,0.738095223903656
313,3,0.75
313,4,0.7348484992980957
313,5,0.7461538314819336
313,6,0.75
313,7,0.7810218930244446
313,8,0.8270676732063293
313,9,0.8496240377426147
314,0,0.8392857313156128
314,1,0.7622950673103333
314,2,0.7142857313156128
314,3,0.6861313581466675
314,4,0.6940298676490784
314,5,0.694656491279602
314,6,0.7573529481887817
314,7,0.800000011920929
314,8,0.8195488452911377
314,9,0.7835820913314819
315,0,0.8245614171028137
315,1,0.732824444770813
315,2,0.6762589812278748
315,3,0.652482271194458
315,4,0.6304348111152649
315,5,0.7234042286872864
315,6,0.7518247961997986
315,7,0.7737226486206055
315,8,0.7266187071800232
315,9,0.7862069010734558
316,0,0.7950819730758667
316,1,0.7058823704719543
316,2,0.6834532618522644
316,3,0.6714285612106323
316,4,0.7622377872467041
316,5,0.7655172348022461
316,6,0.7465753555297852
316,7,0.7054794430732727
316,8,0.7565789222717285
316,9,0.7898089289665222
317,0,0.7441860437393188
317,1,0.7348484992980957
317,2,0.7164179086685181
317,3,0.7872340679168701
317,4,0.7816901206970215
317,5,0.7586206793785095
317,6,0.7222222089767456
317,7,0.7682119011878967
317,8,0.808917224407196
317,9,0.8269230723381042
318,0,0.8015872836112976
318,1,0.7384615540504456
318,2,0.769784152507782
318,3,0.7769784331321716
318,4,0.7841726541519165
318,5,0.7183098793029785
318,6,0.7785235047340393
318,7,0.7961783409118652
318,8,0.8205128312110901
318,9,0.8181818127632141
319,0,0.8500000238418579
319,1,0.8421052694320679
319,2,0.8208954930305481
319,3,0.8088235259056091
319,4,0.7463768124580383
319,5,0.7931034564971924
319,6,0.7898089289665222
319,7,0.807692289352417
319,8,0.8104575276374817
319,9,0.8223684430122375
320,0,0.8799999952316284
320,1,0.8960000276565552
320,2,0.859375
320,3,0.7862595319747925
320,4,0.8071428537368774
320,5,0.7435897588729858
320,6,0.7756410241127014
320,7,0.7960526347160339
320,8,0.807947039604187
320,9,0.7843137383460999
321,0,0.892307698726654
321,1,0.8161764740943909
321,2,0.7357142567634583
321,3,0.761904776096344
321,4,0.7405063509941101
321,5,0.7820512652397156
321,6,0.8104575276374817
321,7,0.8355262875556946
321,8,0.8051947951316833
321,9,0.8169013857841492
322,0,0.8828125
322,1,0.7819548845291138
322,2,0.7724137902259827
322,3,0.7452229261398315
322,4,0.7692307829856873
322,5,0.7973856329917908
322,6,0.8223684430122375
322,7,0.8051947951316833
322,8,0.8098591566085815
322,9,0.7424242496490479
323,0,0.8617886304855347
323,1,0.8602941036224365
323,2,0.7388535141944885
323,3,0.7628205418586731
323,4,0.7973856329917908
323,5,0.8157894611358643
323,6,0.8039215803146362
323,7,0.8085106611251831
323,8,0.7424242496490479
323,9,0.7593985199928284
324,0,0.8507462739944458
324,1,0.7579618096351624
324,2,0.7692307829856873
324,3,0.8092105388641357
324,4,0.8026315569877625
324,5,0.7908496856689453
324,6,0.7943262457847595
324,7,0.7175572514533997
324,8,0.7368420958518982
324,9,0.7480915784835815
325,0,0.8216560482978821
325,1,0.8417721390724182
325,2,0.8571428656578064
325,3,0.8627451062202454
325,4,0.85161292552948
325,5,0.8391608595848083
325,6,0.7481481432914734
325,7,0.7720588445663452
325,8,0.7686567306518555
325,9,0.7238805890083313
326,0,0.862500011920929
326,1,0.8805031180381775
326,2,0.8853503465652466
326,3,0.8616352081298828
326,4,0.8513513803482056
326,5,0.7810218930244446
326,6,0.7841726541519165
326,7,0.7625899314880371
326,8,0.717391312122345
326,9,0.6691176295280457
327,0,0.9303797483444214
327,1,0.9182389974594116
327,2,0.887499988079071
327,3,0.8421052694320679
327,4,0.7638888955116272
327,5,0.7793103456497192
327,6,0.7448275685310364
327,7,0.7112675905227661
327,8,0.6642857193946838
327,9,0.6043165326118469
328,0,0.9605262875556946
328,1,0.893081784248352
328,2,0.8344370722770691
328,3,0.7857142686843872
328,4,0.7943262457847595
328,5,0.7535211443901062
328,6,0.7194244861602783
328,7,0.6739130616188049
328,8,0.597122311592102
328,9,0.6408450603485107
329,0,0.9032257795333862
329,1,0.8410596251487732
329,2,0.7816901206970215
329,3,0.7887324094772339
329,4,0.7659574747085571
329,5,0.7214285731315613
329,6,0.6739130616188049
329,7,0.597122311592102
329,8,0.6408450603485107
329,9,0.6206896305084229
330,0,0.843137264251709
330,1,0.75
330,2,0.7651006579399109
330,3,0.7655172348022461
330,4,0.7152777910232544
330,5,0.6785714030265808
330,6,0.609929084777832
330,7,0.6319444179534912
330,8,0.6122449040412903
330,9,0.6258992552757263
331,0,0.8195488452911377
331,1,0.8273381590843201
331,2,0.8115941882133484
331,3,0.7536231875419617
331,4,0.7028985619544983
331,5,0.6423357725143433
331,6,0.673758864402771
331,7,0.6438356041908264
331,8,0.654411792755127
331,9,0.6187050342559814
332,0,0.8888888955116272
332,1,0.8615384697914124
332,2,0.7969924807548523
332,3,0.7480915784835815
332,4,0.6742424368858337
332,5,0.7153284549713135
332,6,0.6527777910232544
332,7,0.6641790866851807
332,8,0.6323529481887817
332,9,0.597122311592102
333,0,0.8951612710952759
333,1,0.8479999899864197
333,2,0.7903226017951965
333,3,0.7177419066429138
333,4,0.7480915784835815
333,5,0.6857143044471741
333,6,0.6641790866851807
333,7,0.625
333,8,0.6029411554336548
333,9,0.5928571224212646
334,0,0.9059829115867615
334,1,0.8235294222831726
334,2,0.7295082211494446
334,3,0.7461538314819336
334,4,0.7080292105674744
334,5,0.6791045069694519
334,6,0.644444465637207
334,7,0.6131386756896973
334,8,0.5957446694374084
334,9,0.577464759349823
335,0,0.9074074029922485
335,1,0.8018018007278442
335,2,0.7599999904632568
335,3,0.7286821603775024
335,4,0.7899159789085388
335,5,0.7120000123977661
335,6,0.671875
335,7,0.6397058963775635
335,8,0.6187050342559814
335,9,0.6028369069099426
336,0,0.8899999856948853
336,1,0.8448275923728943
336,2,0.7559055089950562
336,3,0.7948718070983887
336,4,0.75
336,5,0.7096773982048035
336,6,0.703125
336,7,0.6616541147232056
336,8,0.6350364685058594
336,9,0.6131386756896973
337,0,0.8785046935081482
337,1,0.7804877758026123
337,2,0.7711864113807678
337,3,0.7692307829856873
337,4,0.7435897588729858
337,5,0.7520661354064941
337,6,0.7479674816131592
337,7,0.7519999742507935
337,8,0.7580645084381104
337,9,0.6935483813285828
338,0,0.8429751992225647
338,1,0.7704917788505554
338,2,0.7661290168762207
338,3,0.7401574850082397
338,4,0.7441860437393188
338,5,0.7307692170143127
338,6,0.7272727489471436
338,7,0.7045454382896423
338,8,0.6343283653259277
338,9,0.654411792755127
339,0,0.8421052694320679
339,1,0.8067227005958557
339,2,0.7360000014305115
339,3,0.732824444770813
339,4,0.7164179086685181
339,5,0.7238805890083313
339,6,0.6838235259056091
339,7,0.6043165326118469
339,8,0.6569343209266663
339,9,0.671875
340,0,0.8703703880310059
340,1,0.8141592741012573
340,2,0.7519999742507935
340,3,0.7045454382896423
340,4,0.6917293071746826
340,5,0.6764705777168274
340,6,0.6058394312858582
340,7,0.6716417670249939
340,8,0.7120000123977661
340,9,0.7054263353347778
341,0,0.8504672646522522
341,1,0.7948718070983887
341,2,0.7460317611694336
341,3,0.6888889074325562
341,4,0.6764705777168274
341,5,0.6058394312858582
341,6,0.6791045069694519
341,7,0.7063491940498352
341,8,0.7054263353347778
341,9,0.6717557311058044
342,0,0.853210985660553
342,1,0.800000011920929
342,2,0.7209302186965942
342,3,0.6865671873092651
342,4,0.6131386756896973
342,5,0.6791045069694519
342,6,0.7063491940498352
342,7,0.7054263353347778
342,8,0.6666666865348816
342,9,0.6992481350898743
343,0,0.8141592741012573
343,1,0.7768595218658447
343,2,0.7244094610214233
343,3,0.6412213444709778
343,4,0.7054263353347778
343,5,0.7177419066429138
343,6,0.7244094610214233
343,7,0.6717557311058044
343,8,0.7121211886405945
343,9,0.7142857313156128
344,0,0.7881355881690979
344,1,0.7786885499954224
344,2,0.7295082211494446
344,3,0.7440000176429749
344,4,0.7377049326896667
344,5,0.7401574850082397
344,6,0.7054263353347778
344,7,0.7099236845970154
344,8,0.7364341020584106
344,9,0.7307692170143127
345,0,0.843478262424469
345,1,0.7844827771186829
345,2,0.75
345,3,0.7542372941970825
345,4,0.7419354915618896
345,5,0.7007874250411987
345,6,0.7153846025466919
345,7,0.7441860437393188
345,8,0.7307692170143127
345,9,0.6846153736114502
346,0,0.8611111044883728
346,1,0.8034188151359558
346,2,0.7394958138465881
346,3,0.7200000286102295
346,4,0.6875
346,5,0.7076923251152039
346,6,0.7230769395828247
346,7,0.7209302186965942
346,8,0.6641221642494202
346,9,0.6818181872367859
347,0,0.8558558821678162
347,1,0.6803278923034668
347,2,0.7235772609710693
347,3,0.707317054271698
347,4,0.7063491940498352
347,5,0.7165354490280151
347,6,0.7086614370346069
347,7,0.6384615302085876
347,8,0.6564885377883911
347,9,0.6590909361839294
348,0,0.7747747898101807
348,1,0.7931034564971924
348,2,0.7355371713638306
348,3,0.7560975551605225
348,4,0.75
348,5,0.7307692170143127
348,6,0.6846153736114502
348,7,0.6870229244232178
348,8,0.692307710647583
348,9,0.6492537260055542
349,0,0.8921568393707275
349,1,0.7631579041481018
349,2,0.7333333492279053
349,3,0.707317054271698
349,4,0.6614173054695129
349,5,0.7777777910232544
349,6,0.8103448152542114
349,7,0.7749999761581421
349,8,0.7438016533851624
349,9,0.7459016442298889
350,0,0.8365384340286255
350,1,0.7652173638343811
350,2,0.7333333492279053
350,3,0.6829268336296082
350,4,0.7931034564971924
350,5,0.7948718070983887
350,6,0.7833333611488342
350,7,0.7647058963775635
350,8,0.7540983557701111
350,9,0.7540983557701111
351,0,0.8317757248878479
351,1,0.780701756477356
351,2,0.6942148804664612
351,3,0.8125
351,4,0.8157894611358643
351,5,0.8103448152542114
351,6,0.7711864113807678
351,7,0.7796609997749329
351,8,0.7796609997749329
351,9,0.7749999761581421
352,0,0.849056601524353
352,1,0.7631579041481018
352,2,0.8181818127632141
352,3,0.8468468189239502
352,4,0.8303571343421936
352,5,0.782608687877655
352,6,0.7627118825912476
352,7,0.7777777910232544
352,8,0.7711864113807678
352,9,0.7731092572212219
353,0,0.8073394298553467
353,1,0.8396226167678833
353,2,0.8454545736312866
353,3,0.853210985660553
353,4,0.7894737124443054
353,5,0.7964601516723633
353,6,0.7982456088066101
353,7,0.8053097128868103
353,8,0.8288288116455078
353,9,0.778761088848114
354,0,0.7477477192878723
354,1,0.8348624110221863
354,2,0.8214285969734192
354,3,0.7946428656578064
354,4,0.7894737124443054
354,5,0.791304349899292
354,6,0.7844827771186829
354,7,0.7863247990608215
354,8,0.7416666746139526
354,9,0.699999988079071
355,0,0.9009901285171509
355,1,0.8518518805503845
355,2,0.8348624110221863
355,3,0.8214285969734192
355,4,0.8053097128868103
355,5,0.8214285969734192
355,6,0.8318583965301514
355,7,0.7982456088066101
355,8,0.7631579041481018
355,9,0.7678571343421936
356,0,0.8737863898277283
356,1,0.8679245114326477
356,2,0.8440366983413696
356,3,0.8363636136054993
356,4,0.8454545736312866
356,5,0.8545454740524292
356,6,0.8053097128868103
356,7,0.7767857313156128
356,8,0.7818182110786438
356,9,0.792792797088623
357,0,0.8823529481887817
357,1,0.8761904835700989
357,2,0.8598130941390991
357,3,0.8857142925262451
357,4,0.8623853325843811
357,5,0.8425925970077515
357,6,0.7962962985038757
357,7,0.800000011920929
357,8,0.8543689250946045
357,9,0.7714285850524902
358,0,0.9200000166893005
358,1,0.8761904835700989
358,2,0.8679245114326477
358,3,0.8691588640213013
358,4,0.84112149477005
358,5,0.7870370149612427
358,6,0.7777777910232544
358,7,0.8380952477455139
358,8,0.7714285850524902
358,9,0.75
359,0,0.9387755393981934
359,1,0.8761904835700989
359,2,0.8785046935081482
359,3,0.8425925970077515
359,4,0.7962962985038757
359,5,0.7706422209739685
359,6,0.8301886916160583
359,7,0.7641509175300598
359,8,0.7289719581604004
359,9,0.723809540271759
360,0,0.9100000262260437
360,1,0.8878504633903503
360,2,0.8348624110221863
360,3,0.78899085521698
360,4,0.7706422209739685
360,5,0.8301886916160583
360,6,0.75
360,7,0.7155963182449341
360,8,0.7075471878051758
360,9,0.7184466123580933
361,0,0.9494949579238892
361,1,0.893203854560852
361,2,0.8285714387893677
361,3,0.8113207817077637
361,4,0.8301886916160583
361,5,0.7431192398071289
361,6,0.6785714030265808
361,7,0.6851851940155029
361,8,0.6886792182922363
361,9,0.650943398475647
362,0,0.8899999856948853
362,1,0.8349514603614807
362,2,0.8235294222831726
362,3,0.8543689250946045
362,4,0.7339449524879456
362,5,0.6944444179534912
362,6,0.6851851940155029
362,7,0.663551390171051
362,8,0.6226415038108826
362,9,0.6237623691558838
363,0,0.9042553305625916
363,1,0.90625
363,2,0.8627451062202454
363,3,0.7090908885002136
363,4,0.6696428656578064
363,5,0.6607142686843872
363,6,0.6126126050949097
363,7,0.5963302850723267
363,8,0.5943396091461182
363,9,0.5137614607810974
364,0,0.9772727489471436
364,1,0.8415841460227966
364,2,0.6725663542747498
364,3,0.6548672318458557
364,4,0.634782612323761
364,5,0.5789473652839661
364,6,0.5663716793060303
364,7,0.5405405163764954
364,8,0.5315315127372742
364,9,0.4862385392189026
365,0,0.6730769276618958
365,1,0.5652173757553101
365,2,0.5462185144424438
365,3,0.5083333253860474
365,4,0.5042017102241516
365,5,0.48739495873451233
365,6,0.48695650696754456
365,7,0.45614033937454224
365,8,0.4403669834136963
365,9,0.43119266629219055
366,0,0.7115384340286255
366,1,0.6513761281967163
366,2,0.6216216087341309
366,3,0.6126126050949097
366,4,0.5675675868988037
366,5,0.5462962985038757
366,6,0.5412843823432922
366,7,0.5092592835426331
366,8,0.4862385392189026
366,9,0.43119266629219055
367,0,0.9021739363670349
367,1,0.8541666865348816
367,2,0.8041236996650696
367,3,0.7599999904632568
367,4,0.7373737096786499
367,5,0.7029703259468079
367,6,0.6701030731201172
367,7,0.6979166865348816
367,8,0.6494845151901245
367,9,0.6041666865348816
368,0,0.9111111164093018
368,1,0.8333333134651184
368,2,0.7835051417350769
368,3,0.7551020383834839
368,4,0.7200000286102295
368,5,0.6499999761581421
368,6,0.6979166865348816
368,7,0.65625
368,8,0.5979381203651428
368,9,0.602150559425354
369,0,0.8804348111152649
369,1,0.8297872543334961
369,2,0.7708333134651184
369,3,0.7551020383834839
369,4,0.6734693646430969
369,5,0.6700000166893005
369,6,0.65625
369,7,0.5773195624351501
369,8,0.585106372833252
369,9,0.6000000238418579
370,0,0.8777777552604675
370,1,0.7978723645210266
370,2,0.7872340679168701
370,3,0.7113401889801025
370,4,0.6868686676025391
370,5,0.6299999952316284
370,6,0.6082473993301392
370,7,0.6105263233184814
370,8,0.6086956262588501
370,9,0.6086956262588501
371,0,0.8426966071128845
371,1,0.804347813129425
371,2,0.7311828136444092
371,3,0.7142857313156128
371,4,0.6428571343421936
371,5,0.5841584205627441
371,6,0.621052622795105
371,7,0.6129032373428345
371,8,0.6170212626457214
371,9,0.6111111044883728
372,0,0.8823529481887817
372,1,0.7640449404716492
372,2,0.7526881694793701
372,3,0.6734693646430969
372,4,0.6082473993301392
372,5,0.621052622795105
372,6,0.6236559152603149
372,7,0.6170212626457214
372,8,0.617977499961853
372,9,0.5652173757553101
373,0,0.7816091775894165
373,1,0.7582417726516724
373,2,0.7096773982048035
373,3,0.6326530575752258
373,4,0.6145833134651184
373,5,0.6105263233184814
373,6,0.625
373,7,0.5833333134651184
373,8,0.5824176073074341
373,9,0.5888888835906982
374,0,0.8214285969734192
374,1,0.7386363744735718
374,2,0.6666666865348816
374,3,0.625
374,4,0.6170212626457214
374,5,0.6382978558540344
374,6,0.5670102834701538
374,7,0.5416666865348816
374,8,0.557894766330719
374,9,0.5
375,0,0.7831325531005859
375,1,0.7045454382896423
375,2,0.6413043737411499
375,3,0.6170212626457214
375,4,0.6451612710952759
375,5,0.5670102834701538
375,6,0.5306122303009033
375,7,0.5306122303009033
375,8,0.47959184646606445
375,9,0.4693877696990967
376,0,0.7654321193695068
376,1,0.6781609058380127
376,2,0.6516854166984558
376,3,0.6593406796455383
376,4,0.5978260636329651
376,5,0.554347813129425
376,6,0.5531914830207825
376,7,0.4893617033958435
376,8,0.4736842215061188
376,9,0.4040403962135315
377,0,0.7532467246055603
377,1,0.7037037014961243
377,2,0.6896551847457886
377,3,0.617977499961853
377,4,0.5795454382896423
377,5,0.5730336904525757
377,6,0.4838709533214569
377,7,0.4736842215061188
377,8,0.4000000059604645
377,9,0.3689320385456085
378,0,0.7837837934494019
378,1,0.7317073345184326
378,2,0.6547619104385376
378,3,0.6117647290229797
378,4,0.6162790656089783
378,5,0.5222222208976746
378,6,0.489130437374115
378,7,0.44680851697921753
378,8,0.4329896867275238
378,9,0.3711340129375458
379,0,0.7894737124443054
379,1,0.6790123581886292
379,2,0.6071428656578064
379,3,0.6385542154312134
379,4,0.5529412031173706
379,5,0.5476190447807312
379,6,0.5
379,7,0.489130437374115
379,8,0.46987950801849365
379,9,0.5632184147834778
380,0,0.7333333492279053
380,1,0.6296296119689941
380,2,0.6219512224197388
380,3,0.5731707215309143
380,4,0.5357142686843872
380,5,0.48275861144065857
380,6,0.5
380,7,0.4588235318660736
380,8,0.5568181872367859
380,9,0.6346153616905212
381,0,0.7083333134651184
381,1,0.6538461446762085
381,2,0.5874999761581421
381,3,0.5348837375640869
381,4,0.5058823823928833
381,5,0.5357142686843872
381,6,0.4375
381,7,0.6000000238418579
381,8,0.6666666865348816
381,9,0.8285714387893677
382,0,0.7571428418159485
382,1,0.607594907283783
382,2,0.6097561120986938
382,3,0.5555555820465088
382,4,0.5625
382,5,0.4615384638309479
382,6,0.5679012537002563
382,7,0.717391312122345
382,8,0.8055555820465088
382,9,0.8320610523223877
383,0,0.7183098793029785
383,1,0.6623376607894897
383,2,0.5844155550003052
383,3,0.5844155550003052
383,4,0.4864864945411682
383,5,0.5874999761581421
383,6,0.717391312122345
383,7,0.8285714387893677
383,8,0.8167939186096191
383,9,0.8548387289047241
384,0,0.7647058963775635
384,1,0.6103895902633667
384,2,0.5897436141967773
384,3,0.5
384,4,0.5714285969734192
384,5,0.6734693646430969
384,6,0.7837837934494019
384,7,0.8333333134651184
384,8,0.8629032373428345
384,9,0.8571428656578064
385,0,0.6338028311729431
385,1,0.6081081032752991
385,2,0.5064935088157654
385,3,0.5529412031173706
385,4,0.6470588445663452
385,5,0.7767857313156128
385,6,0.8409090638160706
385,7,0.8709677457809448
385,8,0.8571428656578064
385,9,0.795918345451355
386,0,0.703125
386,1,0.5820895433425903
386,2,0.6363636255264282
386,3,0.6804123520851135
386,4,0.7747747898101807
386,5,0.8484848737716675
386,6,0.8790322542190552
386,7,0.8660714030265808
386,8,0.8350515365600586
386,9,0.7982456088066101
387,0,0.6129032373428345
387,1,0.699999988079071
387,2,0.7333333492279053
387,3,0.78899085521698
387,4,0.8484848737716675
387,5,0.8629032373428345
387,6,0.8660714030265808
387,7,0.8421052694320679
387,8,0.8053097128868103
387,9,0.7651515007019043
388,0,0.8148148059844971
388,1,0.8311688303947449
388,2,0.8265306353569031
388,3,0.7862595319747925
388,4,0.8306451439857483
388,5,0.8727272748947144
388,6,0.8617021441459656
388,7,0.8018018007278442
388,8,0.7829457521438599
388,9,0.7153284549713135
389,0,0.7763158082962036
389,1,0.7319587469100952
389,2,0.7022900581359863
389,3,0.75
389,4,0.7909091114997864
389,5,0.9431818127632141
389,6,0.8240740895271301
389,7,0.7209302186965942
389,8,0.6969696879386902
389,9,0.6764705777168274
390,0,0.7835051417350769
390,1,0.732824444770813
390,2,0.7661290168762207
390,3,0.8181818127632141
390,4,0.9545454382896423
390,5,0.853210985660553
390,6,0.7384615540504456
390,7,0.7067669034004211
390,8,0.6715328693389893
390,9,0.6363636255264282
391,0,0.7890625
391,1,0.8629032373428345
391,2,0.9545454382896423
391,3,0.9166666865348816
391,4,0.8828828930854797
391,5,0.7846153974533081
391,6,0.7480915784835815
391,7,0.7368420958518982
391,8,0.732824444770813
391,9,0.7398374080657959
392,0,0.8931297659873962
392,1,0.8449612259864807
392,2,0.7039999961853027
392,3,0.7445255517959595
392,4,0.7872340679168701
392,5,0.8370370268821716
392,6,0.8235294222831726
392,7,0.804347813129425
392,8,0.8014705777168274
392,9,0.7342657446861267
393,0,0.8730158805847168
393,1,0.7096773982048035
393,2,0.7761194109916687
393,3,0.8028169274330139
393,4,0.8370370268821716
393,5,0.804347813129425
393,6,0.8161764740943909
393,7,0.8257575631141663
393,8,0.7394366264343262
393,9,0.7412587404251099
394,0,0.8301886916160583
394,1,0.8387096524238586
394,2,0.8444444537162781
394,3,0.8421052694320679
394,4,0.8148148059844971
394,5,0.8161764740943909
394,6,0.8582677245140076
394,7,0.7720588445663452
394,8,0.7536231875419617
394,9,0.8358209133148193
395,0,0.9166666865348816
395,1,0.89682537317276
395,2,0.8461538553237915
395,3,0.8358209133148193
395,4,0.8409090638160706
395,5,0.8425197005271912
395,6,0.7573529481887817
395,7,0.7226277589797974
395,8,0.8153846263885498
395,9,0.7804877758026123
396,0,0.9055117964744568
396,1,0.7898550629615784
396,2,0.8417266011238098
396,3,0.8421052694320679
396,4,0.8449612259864807
396,5,0.75
396,6,0.7737226486206055
396,7,0.8636363744735718
396,8,0.800000011920929
396,9,0.7479674816131592
397,0,0.8636363744735718
397,1,0.888059675693512
397,2,0.8931297659873962
397,3,0.9193548560142517
397,4,0.7746478915214539
397,5,0.7625899314880371
397,6,0.8540145754814148
397,7,0.8181818127632141
397,8,0.748031497001648
397,9,0.7222222089767456
398,0,0.9069767594337463
398,1,0.913385808467865
398,2,0.8769230842590332
398,3,0.8549618124961853
398,4,0.8257575631141663
398,5,0.8731343150138855
398,6,0.8217054009437561
398,7,0.7519999742507935
398,8,0.7536231875419617
398,9,0.7569444179534912
399,0,0.9140625
399,1,0.8496240377426147
399,2,0.8549618124961853
399,3,0.8615384697914124
399,4,0.8602941036224365
399,5,0.8372092843055725
399,6,0.7580645084381104
399,7,0.7571428418159485
399,8,0.7793103456497192
399,9,0.6976743936538696
400,0,0.9120000004768372
400,1,0.9055117964744568
400,2,0.8759689927101135
400,3,0.9166666865348816
400,4,0.8372092843055725
400,5,0.7768595218658447
400,6,0.7482014298439026
400,7,0.7692307829856873
400,8,0.703125
400,9,0.7637795209884644
401,0,0.8045112490653992
401,1,0.8370370268821716
401,2,0.9453125
401,3,0.9032257795333862
401,4,0.800000011920929
401,5,0.7753623127937317
401,6,0.7793103456497192
401,7,0.7022900581359863
401,8,0.7829457521438599
401,9,0.796875
402,0,0.8951612710952759
402,1,0.8296296000480652
402,2,0.8320610523223877
402,3,0.8211382031440735
402,4,0.7928571701049805
402,5,0.8194444179534912
402,6,0.7424242496490479
402,7,0.7463768124580383
402,8,0.7744361162185669
402,9,0.7534246444702148
403,0,0.8195488452911377
403,1,0.8307692408561707
403,2,0.7559055089950562
403,3,0.804347813129425
403,4,0.8275862336158752
403,5,0.732824444770813
403,6,0.7443609237670898
403,7,0.7518247961997986
403,8,0.7019867300987244
403,9,0.7739726305007935
404,0,0.8976377844810486
404,1,0.7952755689620972
404,2,0.8382353186607361
404,3,0.8402777910232544
404,4,0.7293233275413513
404,5,0.7338129281997681
404,6,0.7647058963775635
404,7,0.7218543291091919
404,8,0.7770270109176636
404,9,0.767123281955719
405,0,0.8938053250312805
405,1,0.9230769276618958
405,2,0.8391608595848083
405,3,0.75
405,4,0.7862595319747925
405,5,0.8139534592628479
405,6,0.7655172348022461
405,7,0.7986111044883728
405,8,0.7957746386528015
405,9,0.7625899314880371
406,0,0.8560000061988831
406,1,0.7916666865348816
406,2,0.7734375
406,3,0.8240000009536743
406,4,0.8429751992225647
406,5,0.7430555820465088
406,6,0.7816901206970215
406,7,0.7769784331321716
406,8,0.7555555701255798
406,9,0.7404580116271973
407,0,0.8108108043670654
407,1,0.7744361162185669
407,2,0.8244274854660034
407,3,0.8449612259864807
407,4,0.7635135054588318
407,5,0.7933333516120911
407,6,0.7880794405937195
407,7,0.7583892345428467
407,8,0.7315436005592346
407,9,0.7579618096351624
408,0,0.7878788113594055
408,1,0.8088235259056091
408,2,0.8358209133148193
408,3,0.7682119011878967
408,4,0.8445945978164673
408,5,0.8287671208381653
408,6,0.8309859037399292
408,7,0.8142856955528259
408,8,0.7935484051704407
408,9,0.7544910311698914
409,0,0.8965517282485962
409,1,0.9105691313743591
409,2,0.8561151027679443
409,3,0.8723404407501221
409,4,0.8500000238418579
409,5,0.8382353186607361
409,6,0.8333333134651184
409,7,0.7857142686843872
409,8,0.6946107745170593
409,9,0.6964285969734192
410,0,0.9327731132507324
410,1,0.8489208817481995
410,2,0.8571428656578064
410,3,0.8768116235733032
410,4,0.8467153310775757
410,5,0.8421052694320679
410,6,0.798701286315918
410,7,0.7083333134651184
410,8,0.7023809552192688
410,9,0.7469879388809204
411,0,0.8201438784599304
411,1,0.8857142925262451
411,2,0.8840579986572266
411,3,0.8676470518112183
411,4,0.8496240377426147
411,5,0.7792207598686218
411,6,0.7083333134651184
411,7,0.726190447807312
411,8,0.7469879388809204
411,9,0.7305389046669006
412,0,0.9338235259056091
412,1,0.949999988079071
412,2,0.9333333373069763
412,3,0.875
412,4,0.8535031676292419
412,5,0.773809552192688
412,6,0.770588219165802
412,7,0.75
412,8,0.7831325531005859
412,9,0.7707006335258484
413,0,0.95652174949646
413,1,0.9411764740943909
413,2,0.9236640930175781
413,3,0.8451613187789917
413,4,0.7514792680740356
413,5,0.7647058963775635
413,6,0.75
413,7,0.7678571343421936
413,8,0.7701863646507263
413,9,0.7236841917037964
414,0,0.9338235259056091
414,1,0.9398496150970459
414,2,0.8311688303947449
414,3,0.7692307829856873
414,4,0.7882353067398071
414,5,0.7455621361732483
414,6,0.7633135914802551
414,7,0.7701863646507263
414,8,0.7236841917037964
414,9,0.6754966974258423
415,0,0.9318181872367859
415,1,0.8947368264198303
415,2,0.7857142686843872
415,3,0.7764706015586853
415,4,0.7396449446678162
415,5,0.7692307829856873
415,6,0.7701863646507263
415,7,0.7236841917037964
415,8,0.6821191906929016
415,9,0.6556291580200195
416,0,0.8618420958518982
416,1,0.7928994297981262
416,2,0.7692307829856873
416,3,0.75
416,4,0.7529411911964417
416,5,0.7222222089767456
416,6,0.7142857313156128
416,7,0.6601307392120361
416,8,0.6357616186141968
416,9,0.601307213306427
417,0,0.8654970526695251
417,1,0.8830409646034241
417,2,0.8622754216194153
417,3,0.7942857146263123
417,4,0.7560975551605225
417,5,0.7115384340286255
417,6,0.6907894611358643
417,7,0.6688741445541382
417,8,0.6339869499206543
417,9,0.601307213306427
418,0,0.9523809552192688
418,1,0.9638554453849792
418,2,0.9005848169326782
418,3,0.907975435256958
418,4,0.8954248428344727
418,5,0.8823529481887817
418,6,0.8692810535430908
418,7,0.8823529481887817
418,8,0.8758170008659363
418,9,0.8823529481887817
419,0,0.9640718698501587
419,1,0.8850574493408203
419,2,0.8969696760177612
419,3,0.8726114630699158
419,4,0.8774193525314331
419,5,0.8766233921051025
419,6,0.8838709592819214
419,7,0.8954248428344727
419,8,0.8888888955116272
419,9,0.8888888955116272
420,0,0.8628571629524231
420,1,0.8698225021362305
420,2,0.8679245114326477
420,3,0.8734177350997925
420,4,0.8782051205635071
420,5,0.8903225660324097
420,6,0.8838709592819214
420,7,0.8961039185523987
420,8,0.8954248428344727
420,9,0.9019607901573181
421,0,0.9263803958892822
421,1,0.8954248428344727
421,2,0.8701298832893372
421,3,0.8758170008659363
421,4,0.8645161390304565
421,5,0.8636363744735718
421,6,0.8692810535430908
421,7,0.875
421,8,0.887417197227478
421,9,0.887417197227478
422,0,0.912162184715271
422,1,0.9054054021835327
422,2,0.8940397500991821
422,3,0.8701298832893372
422,4,0.8692810535430908
422,5,0.875
422,6,0.875
422,7,0.8815789222717285
422,8,0.887417197227478
422,9,0.8940397500991821
423,0,0.9428571462631226
423,1,0.9444444179534912
423,2,0.9251700639724731
423,3,0.912162184715271
423,4,0.9060402512550354
423,5,0.9060402512550354
423,6,0.8881579041481018
423,7,0.8881579041481018
423,8,0.8881579041481018
423,9,0.8758170008659363
424,0,0.9645389914512634
424,1,0.9387755393981934
424,2,0.9319728016853333
424,3,0.9324324131011963
424,4,0.9194630980491638
424,5,0.9133333563804626
424,6,0.8881579041481018
424,7,0.8947368264198303
424,8,0.8766233921051025
424,9,0.8823529481887817
425,0,0.9444444179534912
425,1,0.9319728016853333
425,2,0.9387755393981934
425,3,0.9455782175064087
425,4,0.9328858852386475
425,5,0.9133333563804626
425,6,0.9072847962379456
425,7,0.8831169009208679
425,8,0.8888888955116272
425,9,0.8709677457809448
426,0,0.9440559148788452
426,1,0.9251700639724731
426,2,0.9387755393981934
426,3,0.9256756901741028
426,4,0.9189189076423645
426,5,0.9194630980491638
426,6,0.9013158082962036
426,7,0.8954248428344727
426,8,0.8774193525314331
426,9,0.8653846383094788
427,0,0.9444444179534912
427,1,0.9251700639724731
427,2,0.9189189076423645
427,3,0.9127516746520996
427,4,0.9256756901741028
427,5,0.9200000166893005
427,6,0.9013158082962036
427,7,0.8896104097366333
427,8,0.8717948794364929
427,9,0.8535031676292419
428,0,0.9246575236320496
428,1,0.9189189076423645
428,2,0.899328887462616
428,3,0.9194630980491638
428,4,0.9139072895050049
428,5,0.9139072895050049
428,6,0.8896104097366333
428,7,0.8903225660324097
428,8,0.8598726391792297
428,9,0.8581081032752991
429,0,0.9319728016853333
429,1,0.9072847962379456
429,2,0.9139072895050049
429,3,0.9078947305679321
429,4,0.9084967374801636
429,5,0.9025974273681641
429,6,0.8903225660324097
429,7,0.8598726391792297
429,8,0.8581081032752991
429,9,0.8972602486610413
430,0,0.9127516746520996
430,1,0.9271523356437683
430,2,0.9210526347160339
430,3,0.9144737124443054
430,4,0.896774172782898
430,5,0.8903225660324097
430,6,0.8662420511245728
430,7,0.8581081032752991
430,8,0.8972602486610413
430,9,0.8724831938743591
431,0,0.9127516746520996
431,1,0.9078947305679321
431,2,0.9210526347160339
431,3,0.9025974273681641
431,4,0.896774172782898
431,5,0.8726114630699158
431,6,0.8896551728248596
431,7,0.8972602486610413
431,8,0.8724831938743591
431,9,0.8666666746139526
432,0,0.9144737124443054
432,1,0.9407894611358643
432,2,0.9155844449996948
432,3,0.9032257795333862
432,4,0.8846153616905212
432,5,0.884353756904602
432,6,0.8911564350128174
432,7,0.8666666746139526
432,8,0.8618420958518982
432,9,0.8675496578216553
433,0,0.9342105388641357
433,1,0.9415584206581116
433,2,0.9225806593894958
433,3,0.8910256624221802
433,4,0.8783783912658691
433,5,0.8986486196517944
433,6,0.8799999952316284
433,7,0.875
433,8,0.8618420958518982
433,9,0.8675496578216553
434,0,0.9350649118423462
434,1,0.9419354796409607
434,2,0.9294871687889099
434,3,0.8918918967247009
434,4,0.8866666555404663
434,5,0.8881579041481018
434,6,0.8701298832893372
434,7,0.8758170008659363
434,8,0.8684210777282715
434,9,0.8807947039604187
435,0,0.9354838728904724
435,1,0.9294871687889099
435,2,0.8999999761581421
435,3,0.875
435,4,0.8823529481887817
435,5,0.8831169009208679
435,6,0.8701298832893372
435,7,0.8815789222717285
435,8,0.8692810535430908
435,9,0.8684210777282715
436,0,0.9102563858032227
436,1,0.9246575236320496
436,2,0.8562091588973999
436,3,0.8636363744735718
436,4,0.8645161390304565
436,5,0.8580645322799683
436,6,0.8461538553237915
436,7,0.8580645322799683
436,8,0.8571428656578064
436,9,0.85161292552948
437,0,0.9246575236320496
437,1,0.8451613187789917
437,2,0.8645161390304565
437,3,0.8598726391792297
437,4,0.8653846383094788
437,5,0.8535031676292419
437,6,0.8535031676292419
437,7,0.8461538553237915
437,8,0.8525640964508057
437,9,0.8979591727256775
438,0,0.8258064389228821
438,1,0.8152866363525391
438,2,0.8333333134651184
438,3,0.8333333134651184
438,4,0.8152866363525391
438,5,0.8216560482978821
438,6,0.8152866363525391
438,7,0.8164557218551636
438,8,0.8657718300819397
438,9,0.8859060406684875
439,0,0.931034505367279
439,1,0.9189189076423645
439,2,0.8999999761581421
439,3,0.9060402512550354
439,4,0.8859060406684875
439,5,0.8791946172714233
439,6,0.8666666746139526
439,7,0.8571428656578064
439,8,0.8904109597206116
439,9,0.8698630332946777
440,0,0.9383561611175537
440,1,0.8940397500991821
440,2,0.9060402512550354
440,3,0.9127516746520996
440,4,0.8933333158493042
440,5,0.887417197227478
440,6,0.8775510191917419
440,7,0.8972602486610413
440,8,0.8835616707801819
440,9,0.8581081032752991
441,0,0.9383561611175537
441,1,0.8999999761581421
441,2,0.9127516746520996
441,3,0.8999999761581421
441,4,0.8940397500991821
441,5,0.8979591727256775
441,6,0.8979591727256775
441,7,0.8904109597206116
441,8,0.8716216087341309
441,9,0.8310810923576355
442,0,0.9383561611175537
442,1,0.9133333563804626
442,2,0.9127516746520996
442,3,0.9072847962379456
442,4,0.8979591727256775
442,5,0.8986486196517944
442,6,0.8911564350128174
442,7,0.8724831938743591
442,8,0.8513513803482056
442,9,0.837837815284729
443,0,0.9319728016853333
443,1,0.9066666960716248
443,2,0.9139072895050049
443,3,0.9115646481513977
443,4,0.8926174640655518
443,5,0.8851351141929626
443,6,0.8724831938743591
443,7,0.8456375598907471
443,8,0.8322147727012634
443,9,0.7905405163764954
444,0,0.9115646481513977
444,1,0.9072847962379456
444,2,0.9054054021835327
444,3,0.8926174640655518
444,4,0.8851351141929626
444,5,0.8666666746139526
444,6,0.8399999737739563
444,7,0.8322147727012634
444,8,0.7852349281311035
444,9,0.7567567825317383
445,0,0.9060402512550354
445,1,0.9054054021835327
445,2,0.9189189076423645
445,3,0.8733333349227905
445,4,0.860927164554596
445,5,0.8410596251487732
445,6,0.8199999928474426
445,7,0.7799999713897705
445,8,0.7567567825317383
445,9,0.7770270109176636
446,0,0.8783783912658691
446,1,0.9066666960716248
446,2,0.875
446,3,0.8562091588973999
446,4,0.8300653696060181
446,5,0.8278145790100098
446,6,0.7880794405937195
446,7,0.7651006579399109
446,8,0.7852349281311035
446,9,0.837837815284729
447,0,0.9395973086357117
447,1,0.9200000166893005
447,2,0.9013158082962036
447,3,0.8815789222717285
447,4,0.8684210777282715
447,5,0.8355262875556946
447,6,0.807947039604187
447,7,0.8278145790100098
447,8,0.8741722106933594
447,9,0.9078947305679321
448,0,0.9324324131011963
448,1,0.9013158082962036
448,2,0.8815789222717285
448,3,0.8684210777282715
448,4,0.8355262875556946
448,5,0.807947039604187
448,6,0.8333333134651184
448,7,0.8799999952316284
448,8,0.9200000166893005
448,9,0.9200000166893005
449,0,0.9324324131011963
449,1,0.8807947039604187
449,2,0.8675496578216553
449,3,0.8289473652839661
449,4,0.7960526347160339
449,5,0.8104575276374817
449,6,0.8562091588973999
449,7,0.8831169009208679
449,8,0.8888888955116272
449,9,0.8940397500991821
450,0,0.8918918967247009
450,1,0.8675496578216553
450,2,0.8278145790100098
450,3,0.8066666722297668
450,4,0.8266666531562805
450,5,0.8675496578216553
450,6,0.9078947305679321
450,7,0.9078947305679321
450,8,0.8947368264198303
450,9,0.875
451,0,0.8783783912658691
451,1,0.8456375598907471
451,2,0.8053691387176514
451,3,0.8199999928474426
451,4,0.860927164554596
451,5,0.8881579041481018
451,6,0.8888888955116272
451,7,0.8823529481887817
451,8,0.850649356842041
451,9,0.8269230723381042
452,0,0.837837815284729
452,1,0.8108108043670654
452,2,0.8243243098258972
452,3,0.8724831938743591
452,4,0.9060402512550354
452,5,0.887417197227478
452,6,0.8807947039604187
452,7,0.8552631735801697
452,8,0.8311688303947449
452,9,0.800000011920929
453,0,0.8263888955116272
453,1,0.8243243098258972
453,2,0.8716216087341309
453,3,0.9127516746520996
453,4,0.8999999761581421
453,5,0.8866666555404663
453,6,0.8552631735801697
453,7,0.8366013169288635
453,8,0.8157894611358643
453,9,0.7973856329917908
454,0,0.8732394576072693
454,1,0.8851351141929626
454,2,0.9127516746520996
454,3,0.9127516746520996
454,4,0.9047619104385376
454,5,0.8783783912658691
454,6,0.8533333539962769
454,7,0.8266666531562805
454,8,0.807947039604187
454,9,0.8965517282485962
455,0,0.9103448390960693
455,1,0.9324324131011963
455,2,0.9194630980491638
455,3,0.912162184715271
455,4,0.8979591727256775
455,5,0.8590604066848755
455,6,0.8322147727012634
455,7,0.8133333325386047
455,8,0.8896551728248596
455,9,0.9037036895751953
456,0,0.9387755393981934
456,1,0.926174521446228
456,2,0.9189189076423645
456,3,0.8926174640655518
456,4,0.860927164554596
456,5,0.8389261960983276
456,6,0.8133333325386047
456,7,0.9034482836723328
456,8,0.8905109763145447
456,9,0.8549618124961853
457,0,0.9452054500579834
457,1,0.9383561611175537
457,2,0.9115646481513977
457,3,0.8675496578216553
457,4,0.846666693687439
457,5,0.8223684430122375
457,6,0.8986486196517944
457,7,0.8785714507102966
457,8,0.8358209133148193
457,9,0.8270676732063293
458,0,0.9716312289237976
458,1,0.971222996711731
458,2,0.970588207244873
458,3,0.9772727489471436
458,4,0.9538461565971375
458,5,0.8768116235733032
458,6,0.8769230842590332
458,7,0.8606557250022888
458,8,0.7833333611488342
458,9,0.7372881174087524
459,0,0.9710144996643066
459,1,0.9568345546722412
459,2,0.9772727489471436
459,3,0.9615384340286255
459,4,0.8913043737411499
459,5,0.892307698726654
459,6,0.8760330677032471
459,7,0.8016529083251953
459,8,0.7627118825912476
459,9,0.730434775352478
460,0,0.970588207244873
460,1,0.9772727489471436
460,2,0.9469696879386902
460,3,0.8985507488250732
460,4,0.892307698726654
460,5,0.8823529481887817
460,6,0.8151260614395142
460,7,0.7542372941970825
460,8,0.730434775352478
460,9,0.7297297120094299
461,0,0.9772727489471436
461,1,0.9618320465087891
461,2,0.9057971239089966
461,3,0.892307698726654
461,4,0.8823529481887817
461,5,0.8151260614395142
461,6,0.7627118825912476
461,7,0.7368420958518982
461,8,0.7297297120094299
461,9,0.7272727489471436
462,0,0.939393937587738
462,1,0.9136690497398376
462,2,0.9153845906257629
462,3,0.8770492076873779
462,4,0.8235294222831726
462,5,0.7881355881690979
462,6,0.7543859481811523
462,7,0.7477477192878723
462,8,0.7363636493682861
462,9,0.75
463,0,0.8633093237876892
463,1,0.9076923131942749
463,2,0.8770492076873779
463,3,0.8099173307418823
463,4,0.7966101765632629
463,5,0.7631579041481018
463,6,0.7477477192878723
463,7,0.7363636493682861
463,8,0.75
463,9,0.7358490824699402
464,0,0.939393937587738
464,1,0.8960000276565552
464,2,0.8799999952316284
464,3,0.8640000224113464
464,4,0.8399999737739563
464,5,0.8159999847412109
464,6,0.8015872836112976
464,7,0.7857142686843872
464,8,0.7539682388305664
464,9,0.7286821603775024
465,0,0.9327731132507324
465,1,0.9322034120559692
465,2,0.9473684430122375
465,3,0.9035087823867798
465,4,0.875
465,5,0.8715596199035645
465,6,0.8073394298553467
465,7,0.7592592835426331
465,8,0.7452830076217651
465,9,0.6857143044471741
466,0,0.9818181991577148
466,1,0.9464285969734192
466,2,0.9363636374473572
466,3,0.8899082541465759
466,4,0.8504672646522522
466,5,0.8207547068595886
466,6,0.7314814925193787
466,7,0.7264150977134705
466,8,0.6930692791938782
466,9,0.7037037014961243
467,0,0.9907407164573669
467,1,0.9363636374473572
467,2,0.8909090757369995
467,3,0.8598130941390991
467,4,0.8301886916160583
467,5,0.7809523940086365
467,6,0.7428571581840515
467,7,0.682692289352417
467,8,0.7037037014961243
467,9,0.6909090876579285
468,0,0.9528301954269409
468,1,0.9345794320106506
468,2,0.9065420627593994
468,3,0.8317757248878479
468,4,0.807692289352417
468,5,0.7745097875595093
468,6,0.6960784196853638
468,7,0.7102803587913513
468,8,0.6909090876579285
468,9,0.6605504751205444
469,0,0.9803921580314636
469,1,0.9900990128517151
469,2,0.9215686321258545
469,3,0.868686854839325
469,4,0.8299999833106995
469,5,0.7448979616165161
469,6,0.7524752616882324
469,7,0.723809540271759
469,8,0.6542056202888489
469,9,0.6470588445663452
470,0,0.9900990128517151
470,1,0.9405940771102905
470,2,0.8989899158477783
470,3,0.8673469424247742
470,4,0.7653061151504517
470,5,0.8061224222183228
470,6,0.7799999713897705
470,7,0.7058823704719543
470,8,0.6600000262260437
470,9,0.6363636255264282
471,0,0.9405940771102905
471,1,0.9090909361839294
471,2,0.8865979313850403
471,3,0.8041236996650696
471,4,0.8282828330993652
471,5,0.8181818127632141
471,6,0.7400000095367432
471,7,0.7446808218955994
471,8,0.6770833134651184
471,9,0.6464646458625793
472,0,0.9473684430122375
472,1,0.9468085169792175
472,2,0.8617021441459656
472,3,0.8299999833106995
472,4,0.8571428656578064
472,5,0.7979797720909119
472,6,0.7849462628364563
472,7,0.75
472,8,0.7415730357170105
472,9,0.7647058963775635
473,0,0.9368420839309692
473,1,0.8842105269432068
473,2,0.907216489315033
473,3,0.8969072103500366
473,4,0.8541666865348816
473,5,0.8297872543334961
473,6,0.782608687877655
473,7,0.7692307829856873
473,8,0.7674418687820435
473,9,0.7654321193695068
474,0,0.966292142868042
474,1,0.9368420839309692
474,2,0.907216489315033
474,3,0.8958333134651184
474,4,0.8586956262588501
474,5,0.8369565010070801
474,6,0.7802197933197021
474,7,0.7586206793785095
474,8,0.7777777910232544
474,9,0.7530864477157593
475,0,0.9042553305625916
475,1,0.9263157844543457
475,2,0.9139785170555115
475,3,0.8791208863258362
475,4,0.8571428656578064
475,5,0.7888888716697693
475,6,0.7586206793785095
475,7,0.7682926654815674
475,8,0.7530864477157593
475,9,0.7972972989082336
476,0,0.914893627166748
476,1,0.9042553305625916
476,2,0.9318181872367859
476,3,0.8571428656578064
476,4,0.8222222328186035
476,5,0.7701149582862854
476,6,0.7710843086242676
476,7,0.7530864477157593
476,8,0.7972972989082336
476,9,0.7945205569267273
477,0,0.9247311949729919
477,1,0.9213483333587646
477,2,0.8571428656578064
477,3,0.8461538553237915
477,4,0.7954545617103577
477,5,0.7857142686843872
477,6,0.7710843086242676
477,7,0.8026315569877625
477,8,0.8082191944122314
477,9,0.8405796885490417
478,0,0.9111111164093018
478,1,0.9101123809814453
478,2,0.8764045238494873
478,3,0.8735632300376892
478,4,0.8095238208770752
478,5,0.773809552192688
478,6,0.8181818127632141
478,7,0.8133333325386047
478,8,0.8550724387168884
478,9,0.8358209133148193
479,0,0.9213483333587646
479,1,0.8901098966598511
479,2,0.8850574493408203
479,3,0.8470588326454163
479,4,0.7882353067398071
479,5,0.8333333134651184
479,6,0.8157894611358643
479,7,0.8428571224212646
479,8,0.8507462739944458
479,9,0.8153846263885498
480,0,0.9195402264595032
480,1,0.8876404762268066
480,2,0.8295454382896423
480,3,0.7790697813034058
480,4,0.8227847814559937
480,5,0.8289473652839661
480,6,0.8219178318977356
480,7,0.8382353186607361
480,8,0.7910447716712952
480,9,0.7971014380455017
481,0,0.9069767594337463
481,1,0.8705882430076599
481,2,0.8255813717842102
481,3,0.7951807379722595
481,4,0.790123462677002
481,5,0.7848101258277893
481,6,0.7341772317886353
481,7,0.746666669845581
481,8,0.6091954112052917
481,9,0.5909090638160706
